"f.test" "kruskal.test" "component boosting" "random Forst" "foldChange"
"CLC" 0 0 0 0 -1.21276595744681
"IL1RL1" 0 0 0 0 -1.21276595744681
"CPA3" 1 0 0 0 -1.21276595744681
"GNA15" 0 0 0 0 -1.21276595744682
"PRSS33" 0 0 0 0 -1.21276595744681
"CRLF2" 0 0 0 0 -1.21276595744681
"CCL22" 0 0 0 0 -1.21276595744681
"GATA2" 1 0 0 0 -1.21276595744681
"ALOX15" 0 0 0 0 -1.21276595744681
"VEGFA" 0 0 0 0 -1.21276595744681
"CCL17" 0 0 0 0 -1.2127659574468
"SATB1" 0 0 0 0 -1.21276595744681
"SOCS2" 0 0 0 0 -1.21276595744681
"SMOX" 0 0 1 0 -1.21276595744681
"BIRC3" 0 0 0 0 -1.21276595744681
"LOC101927770" 0 0 0 0 -1.21276595744681
"TARP" 0 0 0 0 -1.21276595744681
"CISH" 0 0 0 0 -1.21276595744681
"BST1" 0 0 0 0 0.824561403508815
"HELZ" 0 0 0 0 0.824561403508772
"GPR183" 0 0 0 0 -1.21276595744681
"FECH" 0 0 0 0 0.824561403508769
"RFTN1" 0 0 0 0 0.824561403508779
"FCER1A" 0 1 0 0 -1.21276595744681
"CCR7" 0 0 0 0 -1.21276595744681
"FAM118A" 0 0 0 0 -1.21276595744686
"GLCCI1" 0 0 0 0 -1.21276595744681
"LGALS12" 0 0 0 0 -1.21276595744681
"RUNX3" 0 0 0 0 -1.21276595744681
"NDFIP1" 0 0 0 0 0.824561403508772
"RNF146" 0 0 0 0 0.82456140350877
"CTSS" 0 0 0 0 0.824561403508771
"MMP19" 0 0 0 0 0.824561403508767
"LOC101060424" 0 0 0 0 -1.21276595744681
"TLR7" 0 0 0 0 0.82456140350877
"NLRC4" 0 0 0 0 0.824561403508772
"TRGC2" 0 0 0 0 -1.21276595744681
"COA7" 0 0 0 0 0.824561403508771
"ZFYVE21" 0 0 0 0 0.824561403508771
"CYLD" 0 0 0 0 -1.21276595744681
"KIF21B" 0 0 0 0 -1.21276595744681
"UTRN" 0 0 0 0 0.824561403508771
"TRGV9" 0 1 0 0 -1.21276595744681
"GTF2H2B" 0 0 0 0 0.824561403508771
"C21orf91-OT1" 0 0 0 0 -1.21276595744681
"TRAPPC12" 0 0 0 0 0.824561403508773
"ARHGAP1" 0 0 0 0 0.824561403508734
"XRCC5" 0 0 0 0 0.824561403508767
"CD207" 1 0 0 0 -1.21276595744681
"TIPRL" 0 0 0 0 0.824561403508773
"DUSP4" 0 0 0 0 -1.21276595744681
"ATP2A3" 0 0 0 0 -1.21276595744681
"HAUS1" 0 0 0 0 0.824561403508772
"MEIS3P1" 0 0 0 0 0.824561403508768
"SCOC" 0 0 0 0 0.824561403508772
"ADORA3" 1 0 0 0 -1.21276595744681
"ICOSLG" 0 0 0 0 -1.21276595744681
"RASAL3" 0 0 0 0 -1.21276595744681
"UBA3" 0 0 0 0 0.824561403508771
"IL18R1" 0 1 0 0 -1.21276595744681
"DAD1" 0 0 0 0 0.82456140350877
"REL" 0 0 0 0 -1.21276595744681
"TBC1D2B" 0 0 0 0 0.824561403508772
"SMG1P5" 0 0 0 0 -1.2127659574468
"DNAJB1" 1 0 0 0 -1.21276595744681
"COL4A3BP" 0 0 0 0 0.82456140350877
"CD1E" 0 0 0 0 -1.2127659574468
"TRAF1" 0 0 0 0 -1.21276595744681
"VSTM1" 0 0 0 0 -1.21276595744681
"PLBD1" 0 0 0 0 0.824561403508775
"PQLC3" 0 0 0 0 0.824561403508771
"SIGLEC7" 0 0 0 0 0.824561403508771
"TES" 0 0 0 0 -1.21276595744681
"TTYH2" 0 0 0 0 -1.21276595744681
"STX7" 0 1 0 0 0.824561403508772
"SOCS1" 0 0 0 0 -1.21276595744681
"CCNYL1" 1 1 1 0 0.824561403508772
"CAMP" 0 0 0 0 0.824561403508774
"PTPRCAP" 0 0 0 0 -1.2127659574468
"GNB4" 0 0 0 0 0.82456140350877
"STAC3" 0 0 0 0 0.824561403508769
"ASXL1" 0 0 0 0 -1.21276595744681
"ARPC3" 1 0 0 0 0.824561403508766
"ADAM19" 0 0 0 0 -1.21276595744681
"CD1C" 0 0 0 0 0.824561403508765
"PTBP3" 0 1 0 0 0.824561403508776
"ETS1" 0 0 0 0 -1.21276595744681
"GPR171" 0 0 0 0 -1.21276595744681
"GGT5" 0 0 0 0 -1.21276595744681
"HRH4" 0 0 0 0 -1.21276595744681
"BANK1" 0 0 0 0 -1.21276595744681
"THBS1" 0 0 0 0 -1.21276595744681
"IL2RA" 0 0 0 0 -1.21276595744681
"RNPEP" 0 0 0 0 0.824561403508774
"TRAM1" 1 0 1 0 0.824561403508775
"ANKRD10" 0 0 0 0 -1.2127659574468
"LINC01094" 0 0 0 0 0.824561403508771
"BTBD19" 0 0 0 0 -1.21276595744681
"ADAM1A" 0 0 0 0 0.824561403508774
"COPG1" 0 0 0 0 0.82456140350877
"PAQR8" 0 0 0 0 0.824561403508771
"C8orf60" 0 0 0 0 -1.21276595744681
"HN1" 0 0 0 0 0.82456140350877
"SCARB2" 0 0 1 0 0.824561403508773
"TPSB2" 0 0 0 0 -1.21276595744681
"ETS2" 1 0 0 0 -1.21276595744681
"FCF1" 0 1 0 0 0.824561403508772
"C11orf49" 0 0 0 0 0.824561403508768
"ANKRD44-IT1" 0 0 0 0 -1.21276595744681
"XPNPEP3" 0 0 0 0 0.824561403508776
"TP53" 0 0 0 0 0.82456140350877
"OTOA" 0 0 0 0 0.824561403508769
"MAGOHB" 0 0 0 0 0.824561403508773
"BROX" 0 0 0 0 0.82456140350877
"PPP3R1" 0 0 0 0 0.824561403508776
"COQ2" 0 0 0 0 0.824561403508773
"CSTA" 0 0 0 0 0.824561403508771
"ZNF610" 0 0 0 0 0.82456140350877
"CUL2" 0 1 0 0 0.82456140350877
"IRF4" 0 0 0 0 -1.21276595744681
"TMEM120A" 0 0 1 0 -1.21276595744681
"ITM2A" 0 0 0 0 -1.2127659574468
"UMPS" 0 0 0 0 0.824561403508773
"C5orf22" 0 0 0 0 0.824561403508773
"SUMO1" 0 0 0 0 0.824561403508769
"PRDX3" 0 0 0 0 0.824561403508773
"LOC284454" 1 0 0 0 -1.2127659574468
"C2CD5" 0 1 0 0 0.824561403508773
"FLJ37453" 0 0 0 0 -1.21276595744681
"EXTL2" 0 0 0 0 0.824561403508776
"ATG2A" 0 0 0 0 -1.21276595744681
"DCN" 0 0 0 0 0.82456140350877
"FAM101B" 0 0 0 0 -1.21276595744681
"BTG1" 1 0 0 0 -1.21276595744681
"ERN1" 0 1 0 0 -1.21276595744681
"TGOLN2" 0 0 0 0 0.824561403508772
"LOC100130264" 0 0 0 0 -1.21276595744681
"SLC7A11" 0 0 0 0 -1.21276595744681
"PRKCZ" 0 0 0 0 -1.21276595744681
"SH2D2A" 0 0 0 0 -1.21276595744681
"PDE2A" 0 0 0 0 -1.21276595744681
"GINM1" 0 0 0 0 0.824561403508771
"SLC16A10" 0 0 0 0 0.824561403508782
"MAP3K1" 1 0 0 0 0.824561403509324
"FRMD4B" 0 0 0 0 -1.21276595744681
"MARS2" 0 0 0 0 0.824561403508774
"DNAJC19" 0 0 0 0 0.82456140350877
"FAM57A" 0 0 0 0 -1.21276595744681
"HIF1A" 0 0 0 0 -1.21276595744681
"Mar-01" 0 0 0 0 0.824561403508771
"LSM6" 0 0 0 0 0.824561403508773
"ZYG11B" 0 0 0 0 0.824561403508771
"ZCRB1" 0 0 0 0 0.824561403508771
"ACAA1" 0 0 0 0 0.824561403508773
"P2RY10" 0 0 0 0 -1.21276595744681
"SLC35F5" 0 0 0 0 0.82456140350877
"RNF135" 1 0 0 0 0.824561403508771
"CCR3" 0 0 0 0 -1.21276595744681
"ADAT2" 0 0 0 0 0.82456140350877
"PDIA6" 0 1 0 0 0.824561403508772
"LOC286052" 0 0 0 0 0.824561403508724
"CCDC115" 0 0 0 0 0.82456140350877
"SFMBT2" 0 1 0 0 -1.21276595744681
"WNT5A" 0 0 0 0 -1.21276595744681
"FBXO3" 1 0 0 0 0.824561403508773
"ZFYVE26" 1 0 0 0 0.824561403508771
"ADAM10" 0 0 0 0 0.824561403508768
"DNM2" 0 0 0 0 -1.21276595744681
"NFKBIE" 0 0 0 0 -1.21276595744681
"CD300LB" 0 0 0 0 -1.21276595744681
"SRFBP1" 0 1 0 0 0.824561403508771
"ANPEP" 0 0 0 0 0.824561403508796
"ZKSCAN8" 0 0 0 0 0.824561403508772
"GCSH" 0 0 0 0 0.824561403508773
"LOC541473" 0 0 0 0 -1.21276595744681
"SUCLG2" 0 0 0 0 0.824561403508771
"KIT" 0 0 0 0 -1.21276595744681
"FCGR3B" 1 1 0 0 0.824561403508777
"BRCC3" 0 0 0 0 0.824561403508774
"PCCA" 0 0 0 0 0.824561403508772
"KCNJ13" 0 0 0 0 0.824561403508763
"SPAG5-AS1" 0 0 0 0 -1.21276595744681
"ZNF587B" 0 0 0 0 0.82456140350877
"FCER2" 1 0 0 0 -1.21276595744681
"LENG8" 0 0 0 0 -1.2127659574468
"SAMD9L" 0 0 0 0 0.82456140350877
"LY96" 0 0 0 0 0.824561403508766
"PPP1R14A" 0 0 0 0 -1.21276595744681
"SYMPK" 0 0 0 0 -1.21276595744681
"IL3RA" 0 0 0 0 -1.21276595744681
"FLVCR1" 0 0 0 0 -1.21276595744681
"MMP10" 0 0 0 0 -1.21276595744681
"MMP12" 0 1 0 0 -1.21276595744681
"SIAH2" 0 0 0 0 -1.21276595744681
"FCGR1B" 1 1 0 0 0.824561403508769
"TLR1" 0 1 0 0 0.824561403508743
"IFI16" 0 1 0 0 0.82456140350881
"NR4A1" 1 0 0 0 -1.2127659574468
"GPR42" 0 0 0 0 -1.21276595744681
"RNA45S5" 0 0 0 0 -1.21276595744682
"CD1B" 0 0 0 0 -1.21276595744681
"RBM47" 0 0 0 0 0.824561403508753
"KMT2A" 0 0 0 0 0.824561403508752
"CD24" 0 0 0 0 -1.21276595744681
"CASP4" 0 1 0 0 -1.2127659574468
"TPSAB1" 0 0 0 0 -1.21276595744681
"DNASE1L3" 0 0 0 0 -1.21276595744682
"EPN2-AS1" 0 0 0 0 -1.21276595744681
"GIMAP4" 1 0 0 0 0.824561403508798
"TLR8" 1 0 0 0 0.824561403508773
"F13A1" 0 1 0 0 -1.21276595744681
"PJA2" 0 0 0 0 0.824561403508775
"UGT2B28" 0 0 0 0 -1.21276595744681
"FCGR1A" 0 0 0 0 0.824561403508767
"S100A8" 0 0 0 0 -1.21276595744697
"RRN3P2" 1 0 0 0 -1.21276595744681
"NFKBID" 0 1 0 0 -1.21276595744681
"TRIM22" 0 0 0 0 0.824561403508777
"HSD17B11" 1 0 0 0 0.824561403508772
"UBE2D1" 0 1 0 0 -1.21276595744681
"CD1A" 0 0 0 0 -1.21276595744681
"MNDA" 0 0 0 0 -1.21276595744703
"DIDO1" 0 0 0 0 -1.21276595744682
"SLA" 0 0 0 0 0.824561403508935
"CTNS" 0 0 0 0 -1.2127659574468
"MAPK14" 0 0 0 0 0.824561403508772
"NR4A3" 0 0 0 0 -1.21276595744682
"MORC3" 0 0 0 0 0.824561403508775
"MSL2" 1 0 0 0 0.82456140350877
"IFIT3" 0 0 0 0 0.824561403508769
"PALLD" 0 0 0 0 -1.21276595744679
"SNX18" 0 0 0 0 0.824561403508774
"CYSLTR2" 0 0 0 0 -1.21276595744682
"PSMB9" 0 0 0 0 -1.21276595744677
"PARP9" 0 0 0 0 0.824561403508773
"NUB1" 0 0 0 0 0.824561403508782
"SBF2" 1 1 0 0 0.82456140350877
"CLIC4" 0 0 0 0 0.82456140350877
"POLR2J4" 0 0 0 0 -1.21276595744679
"S100A9" 0 0 0 0 -1.21276595744682
"TLR4" 0 0 0 0 -1.21276595744681
"STARD4" 0 0 0 0 -1.21276595744681
"FHL3" 0 0 0 0 -1.21276595744681
"TANC2" 0 0 0 0 0.824561403508771
"CTBS" 0 0 0 0 0.824561403508737
"DPH1" 0 1 0 0 -1.21276595744681
"AREG" 0 0 0 0 -1.21276595744681
"IFIT2" 0 0 0 0 -1.21276595744677
"ARHGEF3" 0 1 0 0 0.824561403508773
"OLIG2" 0 1 0 0 -1.21276595744681
"ACSL1" 0 1 0 0 -1.21276595744681
"NMI" 0 0 0 0 -1.21276595744684
"DACH1" 1 0 0 0 -1.21276595744681
"CSF1" 0 0 0 0 -1.21276595744674
"WDFY3" 0 0 0 0 -1.21276595744675
"TLR6" 0 0 0 0 -1.21276595744682
"CASP5" 1 0 1 0 -1.2127659574468
"PNPLA6" 0 0 0 0 0.824561403508776
"CPEB4" 1 0 0 0 0.824561403508765
"VAV1" 0 1 0 0 -1.21276595744681
"CARD16" 0 0 0 0 -1.21276595744684
"FAM129A" 0 0 0 0 -1.21276595744676
"GIMAP2" 0 0 0 0 0.824561403508773
"HMG20B" 1 0 0 0 -1.21276595744685
"NT5DC1" 1 0 0 0 0.824561403508773
"ABHD3" 0 0 0 0 0.824561403508772
"S1PR1" 0 0 0 0 -1.21276595744681
"LAP3" 0 0 0 0 0.824561403508771
"LOC100505812" 0 0 0 0 0.824561403508762
"TMLHE" 0 0 0 0 0.824561403508769
"ARL4C" 0 0 0 0 -1.2127659574468
"KRCC1" 0 0 0 0 0.824561403508772
"CREB5" 0 0 0 0 -1.21276595744681
"YES1" 0 0 0 0 0.824561403508772
"RNF149" 0 1 0 0 -1.21276595744679
"ZNF395" 0 0 0 0 -1.21276595744681
"SIGLEC5" 0 0 0 0 -1.21276595744681
"ACN9" 0 0 0 0 -1.21276595744681
"CLEC4D" 0 0 1 0 -1.21276595744681
"JARID2-AS1" 0 0 0 0 -1.21276595744681
"PKIB" 0 0 0 0 0.824561403508811
"HERC5" 0 0 0 0 0.824561403508767
"SYNE1" 1 1 0 0 -1.21276595744681
"CXCL10" 0 0 0 0 0.82456140350877
"RBM7" 0 0 0 0 -1.2127659574468
"AP3M1" 0 0 0 0 0.824561403508773
"IGLC1" 0 0 0 0 -1.21276595744681
"TRIM5" 0 0 0 0 0.824561403508774
"FAM160B1" 0 0 0 0 0.824561403508771
"CASP1" 0 0 0 0 -1.21276595744683
"STK3" 0 1 0 0 0.824561403508769
"CDC73" 0 1 0 0 0.824561403508769
"CR1" 0 0 0 0 0.824561403508781
"MARCKSL1" 0 0 0 0 -1.21276595744681
"GAPT" 0 0 0 0 -1.21276595744681
"CLOCK" 0 0 0 0 0.824561403508768
"TNFSF10" 0 1 0 0 -1.21276595744681
"CST1" 0 0 0 0 -1.21276595744681
"CPPED1" 0 0 0 0 -1.21276595744681
"NDFIP2" 1 0 0 0 -1.21276595744682
"PDCD2" 0 0 0 0 0.824561403508772
"ASAP1-IT1" 0 0 0 0 -1.21276595744681
"SPG11" 0 0 0 0 0.82456140350877
"POC1B" 0 0 0 0 0.824561403508773
"KLHL15" 0 0 0 0 -1.21276595744681
"NAIP" 0 0 0 0 0.824561403508782
"LOC101927066" 1 0 0 0 -1.21276595744681
"IFIH1" 1 0 0 0 -1.21276595744681
"MIR142" 0 0 0 0 -1.21276595744681
"OAS1" 0 0 0 0 0.824561403508772
"UTP11L" 1 0 0 0 0.824561403508773
"APOL3" 0 0 0 0 0.82456140350877
"ATAD2B" 0 0 0 0 0.824561403508703
"IL6ST" 0 0 0 0 0.824561403508775
"RAB11FIP3" 0 1 0 0 0.82456140350874
"GADD45A" 0 0 0 0 -1.21276595744681
"CXCR2" 0 0 0 0 -1.21276595744682
"SPATA13" 0 0 0 0 -1.21276595744681
"PARP8" 0 0 0 0 -1.21276595744681
"IGLV@" 0 0 0 0 -1.21276595744681
"OAS3" 0 1 0 0 0.824561403508771
"MSRB1" 0 0 0 0 -1.21276595744681
"SLC7A11-AS1" 0 0 0 0 -1.21276595744681
"MRVI1" 0 0 0 0 -1.21276595744681
"PIGK" 0 0 0 0 0.824561403508772
"VNN2" 0 0 0 0 -1.21276595744681
"NSUN7" 1 0 0 0 -1.21276595744679
"PTPN7" 0 0 0 0 -1.21276595744681
"UGCG" 0 0 0 0 0.824561403508773
"BPIFB1" 0 0 0 0 0.824561403508779
"BAZ1A" 1 0 0 0 -1.21276595744678
"FGFR1OP2" 0 0 0 0 0.824561403508768
"GZMB" 0 1 0 0 -1.21276595744681
"KLRC4-KLRK1" 0 0 0 0 -1.2127659574468
"LOC158402" 0 0 0 0 0.824561403508772
"OR4F3" 0 1 0 0 -1.21276595744681
"LRRC8D" 0 0 0 0 0.824561403508772
"CD93" 0 0 0 0 -1.21276595744681
"DENND5B" 0 0 0 0 -1.21276595744681
"AMELX" 0 0 0 0 0.824561403508756
"R3HCC1" 0 0 0 0 0.824561403508772
"LOC100506860" 0 0 0 0 -1.21276595744681
"GORASP2" 0 0 0 0 0.82456140350877
"PRF1" 0 1 0 0 -1.21276595744681
"NFAT5" 0 0 0 0 -1.2127659574468
"UNC5B" 0 0 0 0 0.824561403508772
"CDR1" 0 0 0 0 0.824561403508771
"CLPTM1" 0 0 0 0 0.824561403508771
"LRP5L" 1 0 0 0 0.824561403508784
"IL1R2" 0 0 0 0 -1.21276595744681
"NELFCD" 0 0 0 0 0.824561403508771
"DPY19L1" 0 0 0 0 0.824561403508771
"TREML2" 0 0 0 0 -1.21276595744681
"LINC01366" 0 0 0 0 -1.21276595744681
"REPS2" 0 0 0 0 -1.21276595744681
"FLOT1" 0 0 0 0 -1.21276595744681
"FLJ44896" 0 0 0 0 0.824561403508769
"IL18RAP" 0 0 0 0 -1.21276595744681
"CLEC12A" 0 0 0 0 0.824561403508773
"SPINT1" 0 0 0 0 0.824561403508774
"LOC100506235" 0 0 0 0 -1.2127659574468
"EPB41L5" 0 0 0 0 -1.21276595744681
"RYR1" 0 0 0 0 0.824561403508771
"ING2" 0 0 0 0 0.824561403508771
"LOC731424" 0 0 0 0 -1.21276595744681
"RNF125" 0 0 0 0 0.824561403508774
"PHC2" 0 0 0 0 -1.21276595744681
"AKAP11" 0 0 0 0 0.824561403508771
"LOC100127886" 0 0 0 0 -1.2127659574468
"PSMB8-AS1" 0 0 0 0 -1.21276595744681
"MAFF" 0 0 0 0 -1.21276595744681
"LOC100129406" 1 0 0 0 0.82456140350877
"MBOAT1" 0 0 0 0 0.824561403508759
"MIR101-1" 0 0 0 0 -1.21276595744681
"SERPINB8" 0 0 0 0 -1.21276595744677
"GTPBP10" 0 0 0 0 0.824561403508774
"SLC25A37" 0 0 0 0 -1.21276595744681
"MGAM" 0 0 0 0 -1.21276595744681
"LOC642236" 0 0 0 0 0.824561403508777
"VNN3" 0 0 0 0 -1.21276595744681
"LMO4" 0 0 0 0 0.824561403508773
"DYSF" 0 0 0 0 -1.21276595744681
"MRPS10" 0 0 0 0 0.824561403508771
"HIST1H2AC" 0 0 0 0 -1.21276595744681
"VPS36" 0 0 0 0 0.824561403508773
"PIGP" 0 0 0 0 0.824561403508771
"INAFM1" 0 0 0 0 -1.21276595744681
"IDI2-AS1" 0 0 0 0 -1.21276595744681
"SYNE2" 0 0 0 0 -1.21276595744681
"TSPAN2" 0 1 0 0 -1.21276595744681
"CD3E" 0 0 0 0 -1.21276595744681
"TMEM14B" 0 0 0 0 0.82456140350877
"PITPNA" 0 0 0 0 -1.21276595744681
"RHOH" 0 0 0 0 -1.21276595744681
"DOCK5" 0 0 0 0 -1.21276595744681
"RELL1" 0 0 0 0 -1.21276595744682
"NSMCE1" 0 0 0 0 0.824561403508773
"BCL9" 1 0 0 0 -1.21276595744681
"TRANK1" 0 0 0 0 -1.21276595744681
"NBN" 0 0 0 0 -1.21276595744682
"MYO6" 0 0 0 0 0.824561403508773
"ZNF557" 0 0 0 0 0.824561403508769
"SNX30" 0 1 0 0 0.824561403508774
"TNIP1" 0 0 0 0 -1.21276595744681
"TTC7A" 0 0 0 0 0.824561403508773
"NKG7" 0 0 0 0 -1.21276595744681
"SAMSN1" 0 0 0 0 -1.21276595744681
"FBXL13" 0 1 0 0 -1.21276595744681
"KIAA0100" 0 0 0 0 0.824561403508771
"WWP1" 0 0 0 0 0.824561403508773
"PTGER2" 0 0 0 0 0.82456140350874
"SLAMF1" 0 0 0 0 -1.21276595744681
"TRBC1" 0 0 0 0 -1.2127659574468
"TBC1D4" 0 0 0 0 0.824561403508772
"NSL1" 1 1 0 0 0.824561403508772
"MEFV" 0 0 0 0 -1.2127659574468
"DCSTAMP" 0 0 0 0 0.824561403508771
"NUP98" 0 0 0 0 -1.2127659574468
"NCR3LG1" 1 0 0 0 -1.21276595744681
"CD8A" 0 0 0 0 -1.21276595744681
"SPA17" 0 0 0 0 0.824561403508772
"DESI2" 0 0 0 0 0.824561403508772
"LOC100506258" 0 0 0 0 0.824561403508769
"PLD3" 0 0 0 0 0.824561403508771
"HMMR" 0 0 0 0 0.824561403508774
"BBS10" 0 0 0 0 0.824561403508771
"RRAS2" 0 1 0 0 0.824561403508769
"GNG2" 0 0 0 0 -1.21276595744681
"DDIT4" 0 0 0 0 -1.21276595744681
"AMFR" 1 0 0 0 0.824561403508771
"LMAN1" 0 0 0 0 0.824561403508772
"KLHDC8B" 0 0 0 0 0.824561403508773
"SLC25A36" 0 0 0 0 0.824561403508772
"MRPS25" 1 0 0 0 0.824561403508772
"KRT23" 1 0 0 0 -1.21276595744681
"LRCH1" 0 0 0 0 0.82456140350877
"ADM" 0 1 0 0 -1.21276595744681
"LINC01002" 0 0 0 0 -1.21276595744681
"PPFIBP2" 0 0 0 0 0.824561403508771
"NOLC1" 0 1 0 0 0.824561403508772
"TNFAIP3" 0 1 0 0 -1.21276595744681
"ADORA2A" 0 0 0 0 -1.21276595744681
"ZNF28" 0 0 0 0 0.824561403508772
"IFITM3" 0 0 0 0 -1.21276595744681
"PLK3" 1 0 0 0 -1.21276595744681
"KLHL42" 0 0 0 0 0.824561403508772
"SLAMF7" 0 0 0 0 -1.21276595744681
"SLC7A5" 0 0 0 0 -1.21276595744681
"LPCAT1" 0 0 0 0 -1.21276595744681
"PARN" 0 0 0 0 0.824561403508772
"PREPL" 0 1 0 0 0.82456140350877
"FAM65B" 0 0 0 0 -1.21276595744681
"GNLY" 0 0 0 0 -1.21276595744681
"MAP3K8" 0 0 0 0 -1.21276595744681
"ATP1B1" 1 0 0 0 0.824561403508772
"MIOS" 0 0 0 0 0.824561403508775
"SULT1B1" 0 1 0 0 -1.21276595744681
"ZCCHC6" 0 0 0 0 -1.21276595744682
"CLEC4E" 0 0 0 0 -1.21276595744681
"IFITM1" 0 0 0 0 -1.2127659574468
"CLEC2D" 0 0 0 0 -1.21276595744681
"POLR2M" 0 0 0 0 0.824561403508773
"MRPS33" 1 0 0 0 0.824561403508771
"BRAF" 0 0 0 0 -1.21276595744681
"CDC40" 0 0 0 0 0.824561403508774
"RNF19B" 0 0 0 0 -1.21276595744681
"FAM162A" 0 0 0 0 0.824561403508773
"ZFP69B" 0 0 0 0 0.824561403508773
"SLC25A20" 0 0 0 0 0.824561403508773
"FPR2" 0 0 0 0 -1.21276595744681
"LCP2" 0 0 0 0 -1.21276595744681
"TMEM88" 0 0 0 0 -1.21276595744681
"C11orf31" 0 0 0 0 0.824561403508771
"ETV5" 0 0 0 0 -1.21276595744683
"SMCHD1" 0 0 0 0 -1.21276595744681
"NINJ1" 0 0 0 0 -1.21276595744681
"SPACA6P" 0 0 0 0 -1.21276595744681
"PTP4A3" 0 0 0 0 -1.21276595744681
"LINC01000" 0 0 0 0 -1.21276595744681
"HLA-DMB" 0 0 0 0 0.824561403508769
"RNF175" 0 0 0 0 -1.21276595744681
"SCGB1A1" 0 0 0 0 0.824561403508771
"N4BP1" 0 0 0 0 -1.21276595744681
"LINC01136" 0 0 0 0 -1.21276595744681
"ARHGAP26" 0 0 0 0 -1.2127659574468
"MYH10" 0 0 0 0 -1.21276595744681
"OR2A7" 1 1 0 0 0.82456140350877
"ZNF570" 0 0 0 0 0.824561403508771
"IFITM2" 0 0 0 0 -1.2127659574468
"TBPL1" 0 0 0 0 0.824561403508775
"CD300LF" 0 0 0 0 0.824561403508765
"ETFA" 0 0 0 0 0.824561403508773
"CXCR1" 0 0 0 0 -1.21276595744681
"FTSJ2" 0 0 0 0 0.824561403508772
"PHF19" 0 0 0 0 -1.2127659574468
"CYB5D1" 0 0 0 0 -1.21276595744681
"RLF" 0 0 0 0 -1.21276595744681
"LIPA" 0 0 0 0 0.824561403508772
"FAM135A" 0 0 0 0 0.82456140350877
"ANTXR2" 0 0 0 0 -1.21276595744681
"KCNJ15" 0 1 0 0 -1.21276595744681
"MRPL57" 0 0 0 0 0.824561403508772
"LIMK2" 0 0 0 0 -1.21276595744681
"SORD" 0 0 0 0 0.824561403508769
"LOC388210" 0 0 0 0 -1.21276595744681
"NLRP2" 1 0 0 0 0.824561403508772
"CD177" 0 0 0 0 -1.21276595744681
"LINC01093" 0 0 0 0 -1.21276595744681
