"" "" "" "" "" "" "" "" "foldChange"
"CLC" 4.15405821084384 0 49.6581422691323 0 -5e-05 1 0 1 NA
"IL1RL1" 7.90296325475177 0 46.9364562396 0 0.000458974358974359 0 0 0 NA
"CPA3" 60.186527047013 0 9.63520099251787 0 0.000108108108108108 1 0 1 NA
"GNA15" 17.6864420438647 0 11.3677046680741 0 0.000628942559787113 1 0.174513420288533 1 NA
"PRSS33" 20.4411396886324 0 20.4813798752115 0 -5.71428571428571e-05 0 0 1 NA
"CRLF2" 26.618102111053 0 38.9187862014833 0 0.000195488721804511 1 0 1 NA
"CCL22" 20.6889972993048 0 35.7699552500045 0 0 1 0 1 NA
"GATA2" 41.3900700159934 0 13.9051185896455 0 0.000941314924026062 1 0 1 NA
"ALOX15" 17.5737198530843 0 16.6881560495263 0 0.00979491021834062 1 0 1 NA
"VEGFA" 30.0133084155909 0 35.7565570138793 0 2e-04 0 0 1 NA
"CCL17" 21.339999128384 0 11.4184345229269 0 0.000111111111111111 1 0 1 NA
"SATB1" 4.28473401900049 0 41.6348866383135 0 0.000155555555555556 1 0 1 NA
"SOCS2" 21.6806423505299 0 52.6592643827223 0 0.000181818181818182 1 0 1 NA
"SMOX" 22.8060442819866 0 52.2990691271319 0 0.082760874770857 1 0 1 NA
"BIRC3" 19.9742830843763 0 48.2521346077354 0 0.000462242562929062 1 0 1 NA
"LOC101927770" 4.99464844862064 0 17.6428410010066 0 0.00027027027027027 1 0.313248647287478 1 NA
"TARP" 21.5105822454575 0 40.7341488498294 0 0.0026591006108034 1 0 1 NA
"CISH" 3.49823218395982 0 15.9387330863611 0 0.00046812865497076 1 0 1 NA
"BST1" 11.1469561928099 0 16.1274208166717 0 0 1 0 1 NA
"HELZ" 15.6321472651242 0 6.21687946254502 0 0.00015647226173542 1 0.982907972964419 1 NA
"GPR183" 6.61821400539519 0 13.330239736882 0 -0.000153846153846154 1 0.0858585111839074 1 NA
"FECH" 6.02274276879394 0 33.914241123159 0 0.000324009324009324 1 0 1 NA
"RFTN1" 5.89681767193355 0 16.1482449513077 0 0.000245063879210221 1 0 1 NA
"FCER1A" 22.1648833104071 1 70.0150246305419 0 0.0139755228978074 1 0 1 NA
"CCR7" 33.9578794570647 0 47.1505813517888 0 0.000241758241758242 1 0 1 NA
"FAM118A" 5.46596585383804 1 14.3243097838836 1 -5e-05 1 0 1 NA
"GLCCI1" 33.6286993640331 0 43.2037640128131 1 0.00143997945313735 1 0.269739296131617 1 NA
"LGALS12" 7.69593384529281 0 49.2548483460389 0 0 1 0 1 NA
"RUNX3" 15.7570921122212 0 23.214560214006 0 0 1 0 1 NA
"NDFIP1" 3.90823325448342 0 47.0834909762544 0 -4.27350427350427e-06 1 0 0.508 NA
"RNF146" 11.2098416925598 0 23.6105058734369 0 0.000524163120980746 1 0 1 NA
"CTSS" 28.8807339439786 0 4.07952052231341 0 0.00156619754514491 0 0 1 NA
"MMP19" 6.13742915214866 0 24.5245513526596 0.508 0.000294117647058824 1 0 1 NA
"LOC101060424" 5.07360249566924 0 3.7235702792246 0 0.000165869218500797 1 0 1 NA
"TLR7" 18.7202364569704 0 13.3790680699682 0 0.000291309669522644 1 0 1 NA
"NLRC4" 27.089304793919 0 39.2477745232564 0 0.000544601086048455 1 0 1 NA
"TRGC2" 26.7566547601361 0 47.0647496208725 0 -5e-05 1 0 1 NA
"COA7" 17.1532808979385 0 54.214312721975 0 0 1 0 1 NA
"ZFYVE21" 5.33581196569139 0 35.4789974420168 0 5.71428571428571e-05 1 0 1 NA
"CYLD" 6.02933864201869 0 25.6593589096347 0 0.00020960960960961 1 0 1 NA
"KIF21B" 29.8718239074573 0 50.1750033538961 0 0.000454505829791871 1 0 1 NA
"UTRN" 9.99325402378143 0 39.7094823761589 0 0.000393040293040293 1 0 1 NA
"TRGV9" 9.71842630115763 0 56.4545847857076 0 0 1 0 1 NA
"GTF2H2B" 9.69994460627007 0 18.8654076023213 0 0.000164171122994652 1 0 1 NA
"C21orf91-OT1" 20.9578205843607 1 43.14392135761 1 0.00105012359901121 1 0 1 NA
"TRAPPC12" 20.357739142365 0 22.1837140495686 0 0.000117647058823529 1 0 1 NA
"ARHGAP1" 17.4342762992777 0 42.4167992534345 0 0.000225670163170163 1 0.535919736615692 1 NA
"XRCC5" 8.27448823501873 0 16.0899210422261 0 -0.00015 1 0 1 NA
"CD207" 54.0637839512595 0 4.1761295127554 0 0.000618852981643679 1 0 1 NA
"TIPRL" 6.25680889129566 0 10.890536256597 0 0.00027953667953668 1 0 1 NA
"DUSP4" 24.97752326955 0 22.2882239119844 0 -4.76190476190476e-05 1 0 1 NA
"ATP2A3" 9.0902179664553 0 36.8365481211514 0 0.000250549450549451 0 0.226551721250939 1 NA
"HAUS1" 5.92483136335605 0 41.287585541511 0 0.000926461870749419 1 0.159017882026206 1 NA
"MEIS3P1" 36.9796934733077 0 17.7018319137135 0 0.000123839009287926 1 2.11344415130395 1 NA
"SCOC" 1.23136719527998 0 33.4894679524445 0 -4.63383838383838e-05 0 0.855079573748451 1 NA
"ADORA3" 42.3292200391273 0 35.5935549984035 0 -0.000106837606837607 1 0.652212647851486 1 NA
"ICOSLG" 19.3828015687752 0 15.6167036477836 0 0.000150192554557125 1 0.592420921964118 1 NA
"RASAL3" 17.6922401214823 0 45.566556125391 0 9.75609756097561e-05 1 0.565116089273625 1 NA
"UBA3" 12.5541492251825 0 44.5469766392314 0 0.000493573185154617 1 0.515283373086193 1 NA
"IL18R1" 5.64635338012127 0 60.1793591332277 0 0.000391174716756112 1 0.512621431878325 1 NA
"DAD1" 27.3516338291937 0 10.6833127882683 0 0.105792492453618 1 0.504311288859337 1 NA
"REL" 35.8260183900648 0 17.5124949201224 0 -0.000105263157894737 1 0.367689985467333 1 NA
"TBC1D2B" 15.9735353505151 0 25.8911929141395 0 0 1 0.363443186241341 1 NA
"SMG1P5" 6.11391597130185 0 25.532926148778 0 0.00186943391261427 1 0.313271542152246 1 NA
"DNAJB1" 60.519045699908 0 44.9348928851901 0 0.000163371266002845 1 0.313120710328364 1 NA
"COL4A3BP" 17.9789424870777 0 45.820301811908 0 0 1 0.309796961652458 1 NA
"CD1E" 10.7526863641502 0 23.8026420242587 0 0 1 0.304262642132403 1 NA
"TRAF1" 21.1116605653625 0 16.6310915087982 0 0.000269681121858657 1 0.28982000785105 1 NA
"VSTM1" 31.632995314034 0 25.6663531362262 0 5.26315789473684e-05 1 0.255702676337846 1 NA
"PLBD1" 22.8736313407761 0 41.2045421559236 0 0.00033050193050193 0 0.255408910706638 1 NA
"PQLC3" 11.2048675615386 0 54.5173155867121 0 0.000386938264987045 1 0.24444958301063 1 NA
"SIGLEC7" 8.33705532514738 0 39.3553859549817 0 0.00622689996511353 1 0.204638493665943 1 NA
"TES" 24.3926488411269 0 23.6810311680894 0 0.000351388888888889 1 0.203111287292419 1 NA
"TTYH2" 21.7868313213017 0 30.0374136028532 0 0.000296031746031746 1 0.20171858513418 1 NA
"STX7" 30.2036303191753 0 60.2011886129149 0 0.000358395989974937 0 0.201100826001814 1 NA
"SOCS1" 1.24876632945095 0 30.3450367437945 0 0.000274029657240094 1 0.196097806447382 1 NA
"CCNYL1" 46.5537352507603 0 61.1981136492193 0 0.00280189578780618 0 0.18841068658208 1 NA
"CAMP" 21.427395522407 0 36.0789181547374 0 0 1 0.165513593491693 1 NA
"PTPRCAP" 3.82043779103468 0 48.3294856986734 0 5.37930191331989e-05 1 0.155401977115712 1 NA
"GNB4" 6.62181602726758 0 2.81642221471682 0 0.00254498197580853 1 0.151798173482259 1 NA
"STAC3" 35.4112897013981 0 43.1531676763659 0 0.000250501253132832 1 0.144684376557061 1 NA
"ASXL1" 12.703762396487 0 25.4382708665291 0 0.00268660360762689 1 0.14201732116475 1 NA
"ARPC3" 48.1331762061533 0 45.643975323955 0 -5.40540540540541e-05 1 0.137800370572579 1 NA
"ADAM19" 17.03946489625 0 46.9725971394208 0 0.00105263157894737 1 0.136321559263106 1 NA
"CD1C" 21.8087331245498 0 28.4175414647464 0 0.000672044622044622 1 0.132160626334442 1 NA
"PTBP3" 24.1765905791318 0 56.5416098269547 0 0 1 0.130808686251681 1 NA
"ETS1" 26.6673020100741 1 35.3473058604136 1 0.000624019398088718 1 0.130489952080033 1 NA
"GPR171" 24.3563758042153 1 45.7584129246209 1 0.000157894736842105 1 0.126861131955449 1 NA
"GGT5" 2.52204275810176 0 41.7411866476495 0 0.00015 1 0.119660836925181 1 NA
"HRH4" 2.13884947715943 0 50.7683364361775 0 0.00137431307246629 1 0.102694768942275 1 NA
"BANK1" 9.77628446663943 0 38.356629475686 0 0.00173012760021746 1 0.101979284809005 1 NA
"THBS1" 20.7722276322733 0.508 43.1430414894594 0.508 0.000569260272890449 1 0.0992892364041184 1 NA
"IL2RA" 13.4370144536104 0 38.822546671621 0 0.000407899645893742 1 0.0833606159876195 1 NA
"RNPEP" 1.28803059311623 0 49.8448964881766 0 0 1 0.0831374050761027 1 NA
"TRAM1" 47.3922157723512 0 16.7361520083757 0 0.00274132886720096 0 0.070784268050687 1 NA
"ANKRD10" 17.2413888642408 0 40.3249610207651 0 0.000125 1 0.0659688162117216 1 NA
"LINC01094" 16.9927934626258 0 26.2413784816775 0 0.000135322679610228 1 0.0557336142109924 1 NA
"BTBD19" 13.5056081327877 0 45.0962498146531 0 -4.65116279069767e-05 1 0.0333821275308165 1 NA
"ADAM1A" 22.6370184516857 1 10.2974669062643 1 0.000583398771770865 1 0 1 NA
"COPG1" 28.4109584886909 0 15.2099436349329 0 0.000649415922189252 1 0 1 NA
"PAQR8" 21.0493944936814 0 11.5727982849235 0 0.000117647058823529 1 0 1 NA
"C8orf60" 3.57538130852302 0 9.31805088919433 0 5.40540540540541e-05 1 0 1 NA
"HN1" 1.4224371799661 0 35.3518316979658 0 0.000235294117647059 1 0 1 NA
"SCARB2" 11.2804836106827 0 4.4364220166212 0 0.0117091317535892 0 0 0 NA
"TPSB2" 11.0138357023495 0 18.8417396874561 0 0 1 0 1 NA
"ETS2" 48.7678179823994 0 34.1243714484987 0 0 0 0 1 NA
"FCF1" 30.0378445961135 0 60.4716071811033 0 0.00225043217377313 1 0 1 NA
"C11orf49" 17.132324256822 0 25.1401928794237 0 5.12820512820513e-05 1 0 1 NA
"ANKRD44-IT1" 1.54085019529595 0 40.388114625968 0 0.000347985347985348 1 0 1 NA
"XPNPEP3" 7.63732841619219 0 36.6880582177514 0 5e-05 1 0 1 NA
"TP53" 11.1375816789088 0 38.6526275814212 0 1e-04 1 0 1 NA
"OTOA" 20.8496391247933 1 35.8256228930276 1 -4.54545454545455e-05 1 0 1 NA
"MAGOHB" 18.569130292348 0 11.1830201314178 0 0 1 0 1 NA
"BROX" 6.60944066611224 0 39.3896284687327 0 0 1 0 1 NA
"PPP3R1" 11.3283420123883 0 32.012079434184 0 0 1 0 1 NA
"COQ2" 29.0962278249724 0 52.9637897887791 0 0.00144198199461357 1 0 1 NA
"CSTA" 24.7727798602998 0 28.8620902755059 0 0.000165869218500797 0 0 1 NA
"ZNF610" 15.5950898171521 0 20.0860456741802 0 0.00132860823387139 1 0 1 NA
"CUL2" 12.2743655538388 0 56.5271863675698 0 0.000556818971824274 1 0 1 NA
"IRF4" 22.8144805599543 0 45.4513045282696 0 0 1 0 1 NA
"TMEM120A" 3.33485505908678 0 4.76482002326937 0 0.00592520665156535 0.508 0 1 NA
"ITM2A" 12.3618522638257 0 47.3597977698749 0 4.87804878048781e-05 1 0 1 NA
"UMPS" 13.0257452156115 0 5.4646946248226 0 0.000376822276822277 1 0 1 NA
"C5orf22" 24.7889179675479 0 44.0670664569599 0 5.40540540540541e-05 1 0 1 NA
"SUMO1" 20.2854398384036 0 27.1452183837438 0 0.000639910909690197 1 0 1 NA
"PRDX3" 0.146190712655224 0 30.5705680028902 0 1.12908961593172e-05 1 0 1 NA
"LOC284454" 42.0569067114941 0 28.6744742130505 0 9.75609756097561e-05 1 0 1 NA
"C2CD5" 13.2069744452469 0 56.0739739137496 0 0 1 0 1 NA
"FLJ37453" 20.5975480206357 1 45.1293004890804 1 -4.87804878048781e-05 1 0 1 NA
"EXTL2" 34.066054255303 1 26.4468327551295 1 0.000206675224646983 1 0 1 NA
"ATG2A" 19.1868345251529 0 35.507116212302 0 0 1 0 1 NA
"DCN" 5.59661612929618 0 29.5569710827475 0 5.27356624917601e-06 1 0 1 NA
"FAM101B" 7.78103230408809 0 42.098266035742 0 0 0 0 1 NA
"BTG1" 40.8144481728661 0 28.4759490741286 0 0.000170726495726496 0 0 0 NA
"ERN1" 17.0591939189538 0 73.9291285970045 0 -9.52380952380952e-05 1 0 1 NA
"TGOLN2" 1.45261263504452 0 5.28164409749599 0 -0.000108108108108108 0 0 1 NA
"LOC100130264" 19.2151090227866 0 22.345726342088 0 0 1 0 1 NA
"SLC7A11" 14.7437829057427 0 24.5309247456335 0 4.22445400924597e-05 1 0 1 NA
"PRKCZ" 15.6732727910312 0 50.0493473534033 0 0 1 0 1 NA
"SH2D2A" 5.24577218951017 0.508 43.1427306754786 0 -0.000106685633001422 1 0 1 NA
"PDE2A" 22.6591441919398 0 22.9067467541739 0 0 1 0 1 NA
"GINM1" 23.9704125626189 0 36.0180347620538 0 0 1 0 1 NA
"SLC16A10" 52.7800466202769 1 37.0408512580444 1 9.19661733615222e-05 1 0 1 NA
"MAP3K1" 41.54785882666 0 16.8849399279952 0 0.000771908453303802 1 0 1 NA
"FRMD4B" 13.0436440085377 0 35.3855886420997 0 0.00124001654117933 1 0 1 NA
"MARS2" 21.1235787189175 1 29.6648443243057 1 0 1 0 1 NA
"DNAJC19" 10.0952683960094 0 47.2020217520753 0 0.000166666666666667 1 0 1 NA
"FAM57A" 24.689832989893 0 33.5628556895022 0 0.0028816383215296 1 0 1 NA
"HIF1A" 28.3784312056264 0 17.4758691984463 0 0.0012658715621563 0.508 0 1 NA
"Mar-01" 22.1149955070049 0 52.6244024769405 0 0.000497248379601321 1 0 1 NA
"LSM6" 13.8134289110399 0 50.2252589266591 0 0 0.508 0 1 NA
"ZYG11B" 8.05888101374186 0 47.2995458805134 0 0.000153846153846154 1 0 1 NA
"ZCRB1" 21.4720204051623 0 50.3312805626229 0 0.00125546386290931 1 0 1 NA
"ACAA1" 34.2686807036853 0 20.7723179226713 0 0.00027027027027027 1 0 1 NA
"P2RY10" 24.8318307540562 0 22.3680774800983 0 0.000694672898213418 1 0 1 NA
"SLC35F5" 22.2602180305335 0 19.861546576594 0 0.000194444444444444 1 0 1 NA
"RNF135" 47.7620969707563 0 37.7612827809015 0 0.00047392140023719 1 0 1 NA
"CCR3" 6.8999331289556 0 12.0669031384033 0 0.000357894736842105 1 0 1 NA
"ADAT2" 22.199666769896 1 35.0670868451175 1 0.00087101366114524 1 0 1 NA
"PDIA6" 33.3524358541986 0 66.51033726661 0 5.40540540540541e-05 1 0 1 NA
"LOC286052" 17.5025842708774 1 5.48876892989926 1 5e-05 1 0 1 NA
"CCDC115" 19.1504147869642 0 21.3470619086061 0 0 1 0 1 NA
"SFMBT2" 29.9553908173773 0 56.8146058740645 0 -7.97448165869219e-06 0 0 1 NA
"WNT5A" 30.074856731242 0 37.5534530811517 0.508 0 1 0 1 NA
"FBXO3" 37.5773703974075 0 17.3469439338416 0 0.000691160593792173 1 0 1 NA
"ZFYVE26" 39.353234080463 0 35.7284002131587 0 0.000212325686009897 1 0 1 NA
"ADAM10" 18.8416204681848 0 38.9880171864617 0 0.000673414304993252 1 0 1 NA
"DNM2" 32.4210133578318 0 31.789967477015 0 0 1 0 1 NA
"NFKBIE" 4.30410560234655 0 45.2934907153958 0 -5.26315789473684e-05 1 0 1 NA
"CD300LB" 16.8156187096822 0 12.655718902715 0 0 1 0 1 NA
"SRFBP1" 30.3043091894378 0 54.6638841980109 0 0.000312162162162162 1 0 1 NA
"ANPEP" 8.35574617539079 0 30.9206187035995 0 0 1 0 1 NA
"ZKSCAN8" 2.05469631663191 0 29.7702995146854 0 0.000238961038961039 1 0 1 NA
"GCSH" 3.35772914142802 0 37.6377186308729 0 0.000267647058823529 1 0 1 NA
"LOC541473" 6.37503615352799 0 33.2998208313426 0 0.000181818181818182 1 0 1 NA
"SUCLG2" 14.140484543371 0 43.6842997457315 0 0.000661528822055138 0.508 0 1 NA
"KIT" 15.7406548432675 0 21.3950850810858 0 0.000190816935002982 0.508 0 1 NA
"FCGR3B" 50.584168290665 0 55.0618853642253 0 -1.66553107729579e-06 0 0 1 NA
"BRCC3" 14.5041047774932 0 52.1174957164275 0 0.00146941026106623 1 0 1 NA
"PCCA" 2.26467878490261 0 47.822735982872 0 -0.000117647058823529 0.508 0 1 NA
"KCNJ13" 8.94454940740262 1 18.2335079614824 1 0.000153846153846154 1 0 1 NA
"SPAG5-AS1" 11.6034813314869 0 47.1329906205649 0 0.00107871901432273 1 0 1 NA
"ZNF587B" 12.8833468286278 0.508 19.1793070301584 0.508 0.000157622739018088 1 0 1 NA
"FCER2" 39.1078468169405 0 41.751186690799 0 0 1 0 1 NA
"LENG8" 21.6240499810337 0 20.7603039728174 0 0.0139114588375767 1 0 1 NA
"SAMD9L" 8.49064014918505 0 11.2418341775933 0 0.000263157894736842 0 0 1 NA
"LY96" 18.4962416863546 0 50.3105012054412 0 0 1 0 0.508 NA
"PPP1R14A" 8.51391929337891 0 42.9538317183637 0 -0.000152564102564103 1 0 1 NA
"SYMPK" 17.7722739939724 0 47.6613031984792 0.508 6.03337612323492e-05 1 0 1 NA
"IL3RA" 1.55814112825404 0 9.53165402189016 0 4.5691684716075e-05 1 0 1 NA
"FLVCR1" 8.82305822059898 0 53.6542885150831 0 0.000242424242424242 1 0 1 NA
"MMP10" 5.4921475275334 0 4.99154501438449 0 0 1 0 1 NA
"MMP12" 7.73498476229067 0 55.4931972789116 0 0.00330022667712841 1 0 1 NA
"SIAH2" 35.0514747918387 0 18.6959778940985 0 0.000309782065879627 1 0 1 NA
"FCGR1B" 37.2840361635152 0 65.1747124867707 0 0.000316883116883117 0 0 1 NA
"TLR1" 28.4725545684422 0 56.7091454959334 0 0 0.508 0 1 NA
"IFI16" 28.5345066749844 0 55.6960412650818 0 0.000511948790896159 0 0 1 NA
"NR4A1" 44.5468417813245 0 40.1627187093267 0 0 1 0 1 NA
"GPR42" 6.51044197485146 0 43.2865150529131 0 0.000105263157894737 0.508 0 1 NA
"RNA45S5" 24.6627110019114 0 15.0775843828478 0 0.00215516741061548 1 0 1 NA
"CD1B" 23.5917459390082 0 0.812163847922977 0 5.12820512820513e-05 1 0 1 NA
"RBM47" 14.154654701516 0 13.8942045951122 0 0.00256242172539602 1 0 1 NA
"KMT2A" 4.36330631217756 0 37.4294315925828 0 0 1 0 1 NA
"CD24" 30.3213932664765 0 30.9679838259834 0 0.000526984126984127 1 0 1 NA
"CASP4" 13.1391399442255 0 55.7640660733213 0 0.000302921884317233 0 0 0 NA
"TPSAB1" 7.96317757543853 0 33.7192588752719 0 0.000108108108108108 1 0 1 NA
"DNASE1L3" 28.453801254913 0 47.9207063363923 0 0.000676295704692278 1 0 1 NA
"EPN2-AS1" 13.9060896620711 0 54.0840201955537 0 0.00368191651282947 1 0 1 NA
"GIMAP4" 59.2742866888199 0 35.545233270335 0 0.000122768222768223 1 0 1 NA
"TLR8" 38.2796283412492 0 22.0584360586583 0 -6.55200655200655e-06 1 0 1 NA
"F13A1" 14.0980992498815 1 55.1111375238597 1 5.55555555555556e-05 1 0 1 NA
"PJA2" 4.05051406224748 0 22.9327092193699 0 0 1 0 1 NA
"UGT2B28" 8.06139067654339 0 32.5474329260017 0 0.000490216460804696 1 0 1 NA
"FCGR1A" 33.9521616505807 0 29.4752392249715 0 0.00067384410981972 1 0 1 NA
"S100A8" 30.3187932686649 0 45.9428611145762 0 0.000226470588235294 1 0 1 NA
"RRN3P2" 40.3278831839154 0 41.2528650460876 0 0.000217391304347826 1 0 1 NA
"NFKBID" 14.8599544434573 0 62.9687235660035 0 4.76190476190476e-05 1 0 1 NA
"TRIM22" 6.49316961158616 0 35.3930348503142 0 0 0 0 0 NA
"HSD17B11" 42.2390897107743 0 28.6759688640766 0 0 1 0 1 NA
"UBE2D1" 28.3704409202192 0 58.2024401947378 0 0.000453132832080201 0 0 1 NA
"CD1A" 8.19256334451523 0 27.7216660017715 1 0.00161370912044287 1 0 1 NA
"MNDA" 17.245639059375 0 50.3095578486267 0 0 1 0 1 NA
"DIDO1" 7.87586961979219 0.508 31.4601022291052 0.508 -2e-04 1 0 1 NA
"SLA" 36.3435887957292 0 24.5649316432835 0 0.000160739687055477 1 0 0 NA
"CTNS" 4.05176193401365 0 9.00930591415438 0 0.00466770836654641 1 0 1 NA
"MAPK14" 24.4206092410629 0 51.568571208901 0 0.000912493465125044 0.508 0 1 NA
"NR4A3" 23.1078254634305 0 42.4536732909056 0 0.000111111111111111 1 0 1 NA
"MORC3" 14.333847534664 0 20.5170459217016 0 0 1 0 1 NA
"MSL2" 46.4228746567295 1 24.7122021897215 1 0.00205456478019548 1 0 1 NA
"IFIT3" 27.1892905215681 0 31.778952272294 0 -0.000106349206349206 1 0 1 NA
"PALLD" 18.366390354348 0 49.5912458900063 0 0 1 0 1 NA
"SNX18" 12.0050145337827 0 31.4118406456113 0 0.000153846153846154 1 0 1 NA
"CYSLTR2" 7.9217692457302 0 50.4481898375773 0 -5.40540540540541e-05 1 0 1 NA
"PSMB9" 18.8702640785452 0 28.9577799600984 0 4.76190476190476e-05 1 0 1 NA
"PARP9" 4.91973125242505 0 52.6657917410996 0 0.000157894736842105 0 0 1 NA
"NUB1" 13.5664061571488 0 39.6124420227092 0 0 1 0 1 NA
"SBF2" 39.6796180834935 0 57.3128661434589 0 0.000202631578947368 1 0 1 NA
"CLIC4" 16.4981416637126 0 41.3107883165952 0 0 0.508 0 1 NA
"POLR2J4" 7.95526887631392 0 28.8436893503798 0 0.000474799974799975 1 0 1 NA
"S100A9" 12.6238529125126 0 54.2269843100428 0 5.98290598290598e-05 0 0 1 NA
"TLR4" 34.5455720171431 0 36.5663291588115 0 0 1 0 1 NA
"STARD4" 26.1309693524903 0 18.9355080505273 0 5.88235294117647e-05 1 0 1 NA
"FHL3" 32.038499950183 0 53.5343597039785 0 0.000195238095238095 1 0 1 NA
"TANC2" 8.96169234088548 0 22.5780050026007 0 0 1 0 1 NA
"CTBS" 21.3332479025979 0 48.0005380159214 0 4.87804878048781e-05 1 0 1 NA
"DPH1" 28.6435308566231 0 55.8846047737513 0 0.000290071770334928 1 0 1 NA
"AREG" 20.9276477485087 0 46.0478120780661 0 0 1 0 1 NA
"IFIT2" 10.5854188532296 0 48.8408368421755 0 0 1 0 1 NA
"ARHGEF3" 10.3067796190759 0 68.0053946829568 0 -0.00015 1 0 1 NA
"OLIG2" 30.448824174989 0 61.6617968831518 0 -0.000148018648018648 1 0 1 NA
"ACSL1" 25.2464339213818 0 55.536731526309 0 0 0 0 0.508 NA
"NMI" 26.4437917360024 0 14.3392358569538 0 0.00104382435832665 0 0 1 NA
"DACH1" 39.9196396616143 0 47.5827597092349 0 0.00682985767371384 1 0 1 NA
"CSF1" 3.69191172064761 0 36.2796833725994 0 0.000105336105336105 1 0 1 NA
"WDFY3" 29.634707526259 0 33.0431298381421 0 4.15204678362573e-05 1 0 1 NA
"TLR6" 12.5842956526737 0 15.8124439840519 0 0 1 0 1 NA
"CASP5" 51.9576605097638 0 23.353728130048 0 0.00543742706056573 0.508 0 1 NA
"PNPLA6" 16.3074937945974 0 24.9385704027892 0 0.000406117858749438 1 0 0.508 NA
"CPEB4" 37.7901819688261 0 44.1448225063292 0 0.000114285714285714 1 0 1 NA
"VAV1" 8.55038783656524 0 55.7812763678012 0 0 1 0 1 NA
"CARD16" 7.71450046155354 0 30.3236563625566 0 -0.000209308338720103 0 0 1 NA
"FAM129A" 13.3367834013285 0 51.0076121770355 0 0 1 0 1 NA
"GIMAP2" 12.7917865341894 0 11.8079117329091 0 -4.65116279069767e-05 1 0 1 NA
"HMG20B" 41.1653604001821 0 43.5697811121912 0 0.0135077970019659 1 0 1 NA
"NT5DC1" 43.9622561329419 0 37.1092531148084 0 0.0121790375398655 1 0 1 NA
"ABHD3" 23.5196549823949 0 31.5488418124141 0 0 1 0 1 NA
"S1PR1" 9.23350630586919 0 22.8981360085263 0 0.00049278427536182 1 0 1 NA
"LAP3" 28.7470142560129 0 36.3927575949074 0 2e-04 1 0 1 NA
"LOC100505812" 23.9792259901598 1 22.6958487396804 1 5.26315789473684e-05 1 0 1 NA
"TMLHE" 2.90959606327563 0 10.3610007300118 0 0 1 0 1 NA
"ARL4C" 10.2483526881456 1 12.6120611397598 0 0.00220835986049209 1 0 1 NA
"KRCC1" 23.5828764383578 0 49.0953030254888 0 0 1 0 1 NA
"CREB5" 35.5625959982532 0 46.8912752905337 0 0.000121212121212121 1 0 1 NA
"YES1" 5.47775540303687 0 48.4044665755819 0 6.06212215968314e-05 1 0 1 NA
"RNF149" 15.2107995328573 0 60.2911042026083 0 5.80811225972516e-05 0 0 0 NA
"ZNF395" 18.4480416058456 0 53.6000518186747 0 0.00032022932022932 1 0 1 NA
"SIGLEC5" 7.28742877050164 0 22.4954992578279 0 0.00016984126984127 1 0 1 NA
"ACN9" 3.06896481061158 0 34.8965823897313 0 0 1 0 1 NA
"CLEC4D" 31.5303353814253 0 12.091944436926 0 0.00241835076200401 0 0 0.508 NA
"JARID2-AS1" 23.9215657314805 0 30.6809682678284 0 0.000216216216216216 1 0 1 NA
"PKIB" 30.4615171750425 1 55.7705585982519 1 5.26315789473684e-05 1 0 1 NA
"HERC5" 12.6389813300381 0 42.5046435377288 0 0 1 0 1 NA
"SYNE1" 39.9698807252307 0 56.1629356926717 0 -0.000162162162162162 1 0 1 NA
"CXCL10" 7.89110233983842 0 6.53170979267038 0 0.00367498002657935 1 0 1 NA
"RBM7" 16.7154132454949 0 50.6990675580577 0 0 1 0 1 NA
"AP3M1" 8.09159808286044 0 45.2041919091475 0 0 1 0 1 NA
"IGLC1" 21.3940781691257 0 46.8306501086192 0 0.000216216216216216 1 0 1 NA
"TRIM5" 29.2190350652573 0 36.2224729570066 0 0.000341269841269841 1 0 1 NA
"FAM160B1" 19.9868312210727 0 48.4808274041943 0 0.000108187134502924 1 0 1 NA
"CASP1" 22.2582821975892 0 44.0206318544025 0 0.000368926821558401 1 0 1 NA
"STK3" 13.9634292419607 0 55.6557134011487 0 0 1 0 1 NA
"CDC73" 34.8673271675458 0 59.8078025841867 0 0.000216216216216216 1 0 1 NA
"CR1" 10.8913534686675 0 27.1179793835421 0 0.00131786172748946 1 0 1 NA
"MARCKSL1" 14.6497764947822 0 31.2082277346413 0 0.000759551274239157 1 0 1 NA
"GAPT" 11.517569762777 1 53.5912964436149 0 -7.93650793650794e-06 1 0 1 NA
"CLOCK" 2.68790524774358 0 17.0760522113355 0 0.00554595628022567 1 0 1 NA
"TNFSF10" 35.1671022276126 0 55.7991490322343 0 -4.7008547008547e-05 1 0 1 NA
"CST1" 34.305476710552 0 53.1553442862556 0 0.000104054054054054 1 0 1 NA
"CPPED1" 24.1369896686609 0 25.0325985849305 0 0.000531788472964944 1 0 1 NA
"NDFIP2" 39.1855299758549 0 3.19354055311434 0 0.000165567765567766 1 0 1 NA
"PDCD2" 10.7293824727124 0 40.7130768407005 0 0 1 0 1 NA
"ASAP1-IT1" 5.71639364339532 0 21.0631848812642 0 0 1 0 1 NA
"SPG11" 32.8476253873028 0 34.5830925098675 0 -5.12820512820513e-05 1 0 1 NA
"POC1B" 17.5443447674679 0 24.1657146014905 0 0.000157894736842105 1 0 1 NA
"KLHL15" 18.1258782052448 0 41.1561331971377 0 0.000231367731367731 1 0 1 NA
"NAIP" 15.002110699718 0 52.1853328633956 0 0.001729111614211 1 0 1 NA
"LOC101927066" 39.8541137223481 0 36.1249463082431 0 9.44444444444445e-05 1 0 1 NA
"IFIH1" 48.5233696626847 0 45.9278021311165 0 0.00522746197852151 1 0 1 NA
"MIR142" 9.97511182046501 0 28.8583996071038 0 0.00111197057769587 1 0 1 NA
"OAS1" 36.7522938287646 0 20.1903656492005 0 0.00103612296553473 0 0 1 NA
"UTP11L" 51.9760726186727 0 34.3101608438324 0 0.000603309085722436 1 0 1 NA
"APOL3" 6.46063922062865 0 8.84760543590057 0 0.000947372681519023 1 0 1 NA
"ATAD2B" 8.83601370011976 1 35.7500206921657 1 0 1 0 1 NA
"IL6ST" 21.8188849707909 0 15.7827821273821 0 0.00124053674182044 1 0 1 NA
"RAB11FIP3" 32.109166406239 1 60.6954065843844 1 0.00055798631193368 1 0 1 NA
"GADD45A" 29.4180978102485 1 32.7819249960969 1 0.000114285714285714 1 0 1 NA
"CXCR2" 18.1780070760518 0 27.7666157992432 0 6.23306233062331e-05 1 0 1 NA
"SPATA13" 33.7442653032662 0 43.5937514366835 0 0 1 0 1 NA
"PARP8" 15.6614733203892 0 46.2822414146145 0 0 1 0 1 NA
"IGLV@" 13.493742977554 0 52.5739849463024 0 0.000237041838856927 1 0 1 NA
"OAS3" 12.0136777288463 0 54.6163276191574 0 0.000818560114183251 1 0 1 NA
"MSRB1" 7.98182044916292 0 38.1025190431668 0 0.000422548054127001 0.508 0 1 NA
"SLC7A11-AS1" 29.7785090542791 0 31.927810162815 0 0.000315233706701775 1 0 1 NA
"MRVI1" 25.2390828604307 0 25.2326440096278 0 5.40540540540541e-05 1 0 1 NA
"PIGK" 16.070863605428 0 51.7616087168347 0 0 1 0 1 NA
"VNN2" 29.4241405533146 0 54.4413613150254 0 1.67247386759582e-05 1 0 1 NA
"NSUN7" 37.5589289558451 0.508 46.3927606742155 0.508 -6.89655172413793e-05 1 0 1 NA
"PTPN7" 4.33660712115249 0 35.2359066640149 0 0.000729777618149711 1 0 1 NA
"UGCG" 25.633481628621 0 51.0671334466205 0 6.85805422647528e-05 1 0 1 NA
"BPIFB1" 14.8224152014627 0 30.5528765640728 0 0 1 0 1 NA
"BAZ1A" 37.1965144967775 0 38.4934589710639 0 -4.76190476190476e-05 1 0 1 NA
"FGFR1OP2" 4.44999402548346 1 44.3562823474448 1 0.00184818497857547 1 0 1 NA
"GZMB" 16.4741511031282 0 58.3562780030707 0 0 1 0 1 NA
"KLRC4-KLRK1" 30.9247579078133 0.508 48.5153863315595 1 -4.65116279069767e-05 1 0 1 NA
"LOC158402" 25.3558990077093 0 53.3103568898439 0 0.000948815960321468 1 0 1 NA
"OR4F3" 3.73089182089578 0 54.9689079224124 0 0 1 0 1 NA
"LRRC8D" 19.469100297599 0 5.07125756195686 0 0 1 0 1 NA
"CD93" 25.8564988775245 0 18.3103777585305 0 0 1 0 1 NA
"DENND5B" 23.4558103005872 1 43.2811354919087 1 0.000409207009207009 1 0 1 NA
"AMELX" 5.71421881967591 1 21.629889328295 1 0 1 0 1 NA
"R3HCC1" 24.5063572235985 1 53.7481802171912 1 0.000102564102564103 1 0 1 NA
"LOC100506860" 19.2045380588549 0 52.6926191437249 0 0.000198412698412698 1 0 1 NA
"GORASP2" 34.7779339363728 0 50.5417022846504 0 0.000200501253132832 1 0 1 NA
"PRF1" 1.97188119150509 0 63.2361371119778 0 0.000333333333333333 1 0 1 NA
"NFAT5" 21.3979583366275 0.508 18.6605408049507 0 0.000654362507303684 1 0 1 NA
"UNC5B" 11.2183356576999 0 51.8646331171149 0 0.000647434918023153 1 0 1 NA
"CDR1" 12.3225017984015 0 32.3320074460415 1 -0.00020189701897019 1 0 1 NA
"CLPTM1" 15.8637923062928 0.508 5.72022778838211 0 1e-04 1 0 1 NA
"LRP5L" 45.1702384517146 1 26.992745812141 0 0.000102564102564103 1 0 1 NA
"IL1R2" 16.8883711412386 0 25.9430404891746 0 0.014723855923753 1 0 1 NA
"NELFCD" 26.2330913228937 0 10.4653903621188 0 0.0080987524490219 1 0 1 NA
"DPY19L1" 30.1028014736205 0 34.0183650619745 0 0.00375296962741918 1 0 1 NA
"TREML2" 32.7338361299935 0 28.4740718926251 0 0.00354545694145808 1 0 1 NA
"LINC01366" 4.84682727529987 0 45.2674801237529 0 0.00336826483315572 1 0 1 NA
"REPS2" 21.1881754614107 0 41.1874471908473 0 0.00324983324869397 1 0 1 NA
"FLOT1" 9.84769838352118 0 48.0024514332316 0 0.00315812718569647 1 0 1 NA
"FLJ44896" 34.1422044627815 1 24.1443618653781 1 0.00264966483852923 1 0 1 NA
"IL18RAP" 16.1887267157612 0 43.4658661642491 0 0.00264215973265221 1 0 1 NA
"CLEC12A" 24.515236269734 1 46.8888884173494 1 0.00136301951674979 1 0 1 NA
"SPINT1" 22.1607506179474 0 41.8014780384533 0 0.00131384508324533 1 0 1 NA
"LOC100506235" 19.2841469974408 1 34.8296517753682 1 0.0013088946531671 1 0 1 NA
"EPB41L5" 5.9527149194765 0 40.6509447689813 0 0.000913264812800416 1 0 1 NA
"RYR1" 28.8325574362746 0 44.2962110781344 0 0.000812723814039604 1 0 1 NA
"ING2" 23.0338426963334 0 13.0648435373169 0 0.000723773115220484 1 0 1 NA
"LOC731424" 4.94642685460906 0 18.3139991719211 0 0.00070411163042742 1 0 1 NA
"RNF125" 7.23074220784906 1 16.1219245018386 1 0.000674664965496884 1 0 1 NA
"PHC2" 5.45129393395211 0 37.5995254040954 0 0.000657568718544328 1 0 1 NA
"AKAP11" 11.4011698996125 0 16.4404335214653 0 0.00064517455478718 1 0 1 NA
"LOC100127886" 12.0594309439587 0 33.5306993089013 0 0.000595198547621526 1 0 1 NA
"PSMB8-AS1" 6.16865427775586 0 37.7357384102297 0 0.00058820430215779 1 0 1 NA
"MAFF" 6.0963975712309 0 54.1103713155196 0 0.000574324324324324 1 0 1 NA
"LOC100129406" 45.9921598238829 1 43.4248607054401 1 0.000564102564102564 1 0 1 NA
"MBOAT1" 15.1731262895014 0 34.452388689878 0 0.000544117647058824 1 0 0 NA
"MIR101-1" 1.01304209599536 0 12.6850130370451 0 0.000511967360604376 1 0 1 NA
"SERPINB8" 7.0937468287642 1 16.6894420038803 1 0.000508974358974359 1 0 1 NA
"GTPBP10" 0.408946603686997 0 19.9221577005846 0 0.000485935993830731 1 0 1 NA
"SLC25A37" 14.8105812683537 0 50.669730509549 0 0.000423076923076923 1 0 0 NA
"MGAM" 23.2611794831448 0 34.6769367965154 0 0.000416632979423677 0.508 0 1 NA
"LOC642236" 33.541094697065 1 16.4074702836965 1 0.000357894736842105 1 0 1 NA
"VNN3" 19.1229781658993 0 52.5524765580318 0 0.000322218587558767 1 0 1 NA
"LMO4" 6.71070888975565 0 51.8676850350335 0 0.000314726264726265 1 0 1 NA
"DYSF" 12.4964280831352 0 32.112921541584 0 0.000311740890688259 0 0 1 NA
"MRPS10" 13.1803534818806 0 50.1302362358852 0 0.000298611111111111 1 0 1 NA
"HIST1H2AC" 12.8164185626024 0 48.9674948362749 0 0.000275898520084567 1 0 1 NA
"VPS36" 24.0604990756623 0 42.3981949861019 0 0.000275005775005775 1 0 1 NA
"PIGP" 31.2762471010385 0 39.3601544008216 0 0.000265359865359865 1 0 1 NA
"INAFM1" 18.8112932946176 0 9.51427781007455 0 0.000262589165220744 1 0 1 NA
"IDI2-AS1" 21.4297268134658 0 13.516378927883 0 0.000260526315789474 1 0 1 NA
"SYNE2" 28.5702350071832 0 29.9820401906582 0 0.000250677506775068 1 0 1 NA
"TSPAN2" 1.24492294273826 0 59.0692180989568 0 0.000222222222222222 1 0 1 NA
"CD3E" 29.7254656455048 1 22.9793452763414 1 0.000215037593984962 1 0 1 NA
"TMEM14B" 20.8143267391255 0 25.0062249585568 0 0.000193073593073593 1 0 1 NA
"PITPNA" 4.94143740445535 0 41.8677672152935 0 0.000181818181818182 1 0 0.508 NA
"RHOH" 2.30962449286755 0 37.1325274176099 0 0.00017593984962406 1 0 1 NA
"DOCK5" 32.9191470543235 0 29.9489156422574 0 0.00016382849014428 0 0 0.508 NA
"RELL1" 34.5325854230068 1 0.865235749472204 0.508 0.000159774436090226 1 0 1 NA
"NSMCE1" 33.6908960137523 0 29.1233987303836 0 0.000159317211948791 1 0 1 NA
"BCL9" 46.0193031773723 0 2.31116330570978 0 0.000157894736842105 1 0 1 NA
"TRANK1" 7.84106498308889 0 47.8585041270574 0 0.000114285714285714 1 0 1 NA
"NBN" 9.04544721626662 0 27.7802352208903 0 0.000114285714285714 1 0 1 NA
"MYO6" 6.06509956455748 0 33.0315744404093 0 0.000112877583465819 1 0 1 NA
"ZNF557" 14.8420914384333 1 41.2200228771015 1 0.000112698412698413 1 0 1 NA
"SNX30" 25.4506042401736 0 58.9923549704739 0 0.000110105580693816 1 0 1 NA
"TNIP1" 21.1314177325456 0 51.1616376466398 0 0.00010960960960961 1 0 1 NA
"TTC7A" 14.0534260794895 0 9.01955250789048 0 0.000107106342784165 1 0 1 NA
"NKG7" 22.1158782564896 0 36.9750243010363 0 0.000105263157894737 1 0 1 NA
"SAMSN1" 18.5289505206631 0 14.0555848939737 0 9.89010989010989e-05 1 0 0.508 NA
"FBXL13" 10.6612148088225 0 55.1093040312654 0 9.63995354239257e-05 1 0 1 NA
"KIAA0100" 34.1971987287619 0 22.9587348103813 0 6.76470588235294e-05 1 0 1 NA
"WWP1" 21.8236150502174 0 52.9144557430861 0 5.84795321637427e-05 1 0 1 NA
"PTGER2" 3.34268878228605 1 24.5635900260231 1 5.71428571428571e-05 1 0 1 NA
"SLAMF1" 32.1389667522018 0 28.5416600667484 0 5.7057057057057e-05 1 0 1 NA
"TRBC1" 14.9255577117009 1 17.7467826526297 1 5.55555555555556e-05 1 0 1 NA
"TBC1D4" 5.11506659155458 0 14.0298446538112 0 5.40540540540541e-05 1 0 1 NA
"NSL1" 37.657710535968 0 59.4201712134514 0 5.39811066126856e-05 1 0 1 NA
"MEFV" 13.1965728181192 0 32.6805137854934 0 5e-05 1 0 1 NA
"DCSTAMP" 7.17687833709898 0 31.3684145687164 0 5e-05 1 0 1 NA
"NUP98" 3.09850887248692 0 51.8873815643199 0 4.87804878048781e-05 1 0 1 NA
"NCR3LG1" 56.0022485089436 0 32.3988206740429 0 4.76190476190476e-05 1 0 1 NA
"CD8A" 33.2515983423072 1 42.9933811547915 1 4.5945945945946e-05 1 0 1 NA
"SPA17" 1.51382794657559 0 46.0507840761723 0 2.04945799457994e-05 1 0 1 NA
"DESI2" 12.1960014319531 0 26.15803243394 0 2.63157894736842e-06 1 0 1 NA
"LOC100506258" 13.7366439136882 0 4.63581707968622 0.508 2.50156347717323e-06 1 0 1 NA
"PLD3" 5.40069558417087 0 26.8085625946838 0 0 1 0 1 NA
"HMMR" 22.5201924508925 1 41.9238813874068 1 0 1 0 1 NA
"BBS10" 9.78400200986226 1 23.8253375666955 1 0 1 0 1 NA
"RRAS2" 10.1686528228954 0 59.926855351759 0 0 1 0 1 NA
"GNG2" 12.0783810910826 0 38.7120032507294 0 0 1 0 0 NA
"DDIT4" 22.0588185178629 0 38.242804657326 0 0 1 0 1 NA
"AMFR" 46.4680735726972 0 36.6013960543276 0 0 0 0 1 NA
"LMAN1" 7.02366844955639 0 46.4133415949992 0 0 1 0 1 NA
"KLHDC8B" 35.4899516452657 0 51.8123247246079 0 0 1 0 1 NA
"SLC25A36" 33.6801405336304 0 30.8013115596833 0 0 1 0 1 NA
"MRPS25" 41.3293530911868 0 48.8882876163959 0 0 1 0 1 NA
"KRT23" 44.1514107732489 0 40.474210608589 0 0 1 0 1 NA
"LRCH1" 14.5108254241797 0 52.4730421778906 0 0 1 0 1 NA
"ADM" 28.7467593694899 0 67.8185662270905 0 0 1 0 1 NA
"LINC01002" 29.696250124272 0 28.1718033644088 0 0 1 0 1 NA
"PPFIBP2" 32.7522128152238 0 13.9030256849597 0 0 1 0 1 NA
"NOLC1" 8.97909651158216 0 57.4374778760541 0 -9.86842105263158e-06 1 0 1 NA
"TNFAIP3" 22.4934971490696 0 57.3655104747469 0 -4.65116279069767e-05 0 0 1 NA
"ADORA2A" 21.8423165787455 0 26.389186173691 0 -5.26315789473684e-05 0 0 1 NA
"ZNF28" 29.6981332047017 0 54.1096000371086 0 -5.40540540540541e-05 1 0 1 NA
"IFITM3" 20.3610278246623 0 31.6440230041965 0 -5.55555555555556e-05 1 0 1 NA
"PLK3" 46.1790440604696 0 27.7844519263131 0 -5.71428571428571e-05 1 0 1 NA
"KLHL42" 11.2738521877322 0 31.8532761680384 0 -6.25e-05 1 0 1 NA
"SLAMF7" 20.334611086401 0 42.9713799987761 0 -8.20513851473604e-05 1 0 1 NA
"SLC7A5" 14.21917947409 0 47.9570636679306 0 -1e-04 1 0 1 NA
"LPCAT1" 11.2983810119952 0 50.6393781033345 0 -0.000106685633001422 0 0 1 NA
"PARN" 12.3091120993671 0 31.4561864475925 0 -0.000108108108108108 1 0 1 NA
"PREPL" 25.9304683432619 0 56.2334529752392 0 0.00200002409436634 1 0 1 NA
"FAM65B" 19.9189113085426 0 48.8760734624838 0 0 0.508 0 1 NA
"GNLY" 31.2698799989202 0 28.4489251155427 0 0.0218993739596316 1 0 1 NA
"MAP3K8" 11.374460670982 0 34.394968724429 0 0.000337821297429621 1 0 1 NA
"ATP1B1" 43.3090933567712 0 6.40050123339037 0 0.000158730158730159 1 0 1 NA
"MIOS" 14.1230810480759 1 44.2975807033689 0 0 1 0 1 NA
"SULT1B1" 16.1125183243796 0 56.8851015034084 0 0.000159390159390159 1 0 1 NA
"ZCCHC6" 7.19180185698778 0 50.8146408742254 0 0.000111111111111111 1 0 1 NA
"CLEC4E" 11.3209688990576 0 24.3789578719275 0 0.000181818181818182 1 0 0 NA
"IFITM1" 12.0968071471673 0 22.1243044588381 0 0.00045959595959596 1 0 0 NA
"CLEC2D" 24.0947076429272 0 18.3004847654666 0 0.00236239472069527 1 0 1 NA
"POLR2M" 8.18505303402014 0 42.0380897071088 0 0.00235295041519934 1 0 1 NA
"MRPS33" 44.2018086087623 0 26.4380589924818 0 0.000116760037348273 1 0 1 NA
"BRAF" 5.31380394526297 0 40.3051883693161 0 4.65116279069767e-05 1 0 1 NA
"CDC40" 31.9268865506838 0 28.096004739977 0 -4.77042337507454e-06 1 0 1 NA
"RNF19B" 13.1318653340189 0 34.5570236859592 0 0.000276705276705277 1 0 1 NA
"FAM162A" 2.54542117856258 0 21.7638176570075 0 0.000176470588235294 0.508 0 1 NA
"ZFP69B" 10.3772926652067 1 42.3100039952551 1 0.000105263157894737 1 0 1 NA
"SLC25A20" 6.77147429388714 0 26.2422711328794 0 0.000310747810747811 1 0 1 NA
"FPR2" 12.2397126217187 0 37.9203382413974 0 0.000181045751633987 0 0 1 NA
"LCP2" 9.98449015598293 0 27.3262373915083 0 0 0 0 0 NA
"TMEM88" 16.2453917018326 0 18.5045960438148 0 4.76190476190476e-05 1 0 1 NA
"C11orf31" 10.9903473740574 0 5.19718152109189 0 0 1 0 1 NA
"ETV5" 9.78545991025848 1 24.9123907041769 1 0 1 0 1 NA
"SMCHD1" 21.0940651414406 0 38.8430858354182 0 -0.000102564102564103 1 0 1 NA
"NINJ1" 13.1211464098022 0 28.3844428894266 0 0 0.508 0 1 NA
"SPACA6P" 31.7559970234313 0 25.2461071563904 0 0 1 0 1 NA
"PTP4A3" 8.21504515710747 0 29.7330057498723 0 -0.000105923344947735 1 0 1 NA
"LINC01000" 11.2826080094251 0 50.7731320073872 0 0.000770999963677309 1 0 1 NA
"HLA-DMB" 19.4093941028449 0 23.9341714935311 0 0.00111315526578684 0 0 1 NA
"RNF175" 11.1292055544798 0 17.8908549649822 0 0.000445040574072832 1 0 1 NA
"SCGB1A1" 2.44779373358749 0 29.6703279149279 0 0.000444929396662388 1 0 1 NA
"N4BP1" 11.6869545087613 0 25.1756959040103 0 0.00044904214559387 1 0 1 NA
"LINC01136" 8.01388941641946 0 6.11789313104437 0 0.000479674796747967 1 0 1 NA
"ARHGAP26" 28.2031589834284 0 25.5096181893355 0 0.000453345673933909 1 0 1 NA
"MYH10" 1.97445144517974 0 47.1996143706012 0 0 1 0 1 NA
"OR2A7" 43.3629574571297 0 57.0145100134391 0 0.000613510520487265 1 0 1 NA
"ZNF570" 4.31707580900934 1 27.5999138284076 1 0.00156989296288022 1 0 1 NA
"IFITM2" 13.1536212463669 0 21.1910549336792 0 0.000153846153846154 0 0 1 NA
"TBPL1" 27.7186815502533 1 11.735540589203 1 -5.84795321637427e-06 1 0 1 NA
"CD300LF" 11.9211822101458 0 47.1745524117847 0 0.000106685633001422 1 0 1 NA
"ETFA" 10.7699838397009 0 22.4355624875945 0 5.87301587301587e-05 1 0 1 NA
"CXCR1" 6.86784563941713 0 45.0116793938196 0 0 1 0 1 NA
"FTSJ2" 30.2429965078422 0 19.9213015058405 0 0 1 0 1 NA
"PHF19" 24.3582307796423 1 29.8491693321314 0.508 5.89936379410064e-05 1 0 1 NA
"CYB5D1" 7.805182195244 0 46.0143720869157 0 -0.000317770034843206 1 0 1 NA
"RLF" 29.4385769324869 0 27.5880412423302 0 -9.32400932400933e-05 1 0 1 NA
"LIPA" 8.50042129272351 0 18.0860539118196 0 0.00626142185073394 1 0 1 NA
"FAM135A" 9.70544437314705 0 50.1875205156448 0 0 1 0 1 NA
"ANTXR2" 25.3467258418149 0 23.6154915968232 0 0.000938349077822762 1 0 1 NA
"KCNJ15" 25.5004633641963 0 55.3477765532461 0 0.000659176788124157 1 0 1 NA
"MRPL57" 11.6949718128055 0 48.6324893773678 0 0.000311468892864242 1 0 1 NA
"LIMK2" 7.75005983645275 0 33.1075592428472 0 0.000250980392156863 0 0 1 NA
"SORD" 22.5963900565389 0 46.1620269829763 0 -5.26315789473684e-05 1 0 1 NA
"LOC388210" 15.3119360358827 0 43.1330245199222 0 5.40540540540541e-05 1 0 1 NA
"NLRP2" 38.2629312224459 0 19.2714206206355 0 -0.000122158337019018 1 0 1 NA
"CD177" 4.02363354853134 0 10.9200867286137 0 5.26315789473684e-05 1 0 1 NA
"LINC01093" 24.277348449395 0 44.6477179238089 0 0.00200129667804086 1 0 1 NA
