"","t.test","welch.test","wilcox.test","f.test","kruskal.test","limma","rfe","rf","lasso","elasticnet","boosting","golub","shrinkcat","foldChange"
"CLC",0,0,0,0,0,0,0,0,0,0,0,0,0,-2.24538218294723
"IL1RL1",0,0,0,0,0,0,0,0,0,0,0,1,0,-1.11874104905367
"CPA3",0,0,0,0,0,0,0,0,0,0,0,0,0,-2.48654087588156
"GNA15",0,0,0,0,0,0,0,0,0,0,0,0,0,-50.7263475104821
"PRSS33",0,0,0,0,0,0,0,0,0,0,0,0,0,-1.56423704329521
"CRLF2",0,0,0,0,0,0,0,0,0,0,0,0,0,-0.19036825217879
"CCL22",0,0,0,0,0,0,0,0,0,0,0,0,0,-0.369137381981298
"GATA2",0,0,0,0,0,0,0,0,0,0,0,0,0,-0.495473384530959
"ALOX15",0,0,0,0,0,0,0,0,0,0,0,0,0,-3.80357813692391
"VEGFA",0,0,0,0,0,0,0,0,0,0,0,0,0,0.347511858165196
"CCL17",0,0,0,0,0,0,0,0,0,0,0,0,0,-6.4105452324044
"SATB1",0,0,0,0,0,0,0,0,0,0,0,0,0,-0.372986724374389
"SOCS2",0,0,0,0,0,0,0,0,0,0,0,0,0,-2.22679272734082
"SMOX",0,0,0,0,0,0,0,0,0,0,0,0,0,-0.666849249942488
"BIRC3",0,0,0,0,0,0,0,0,0,0,0,0,1,-8.86014505434053
"LOC101927770",0,0,0,0,0,0,0,0,0,0,0,0,0,0.3183943111361
"TARP",0,0,0,0,0,0,0,0,0,0,0,0,0,2.52305270167718
"CISH",0,0,0,0,0,0,0,0,0,0,0,0,0,-3.43675135856694
"BST1",0,0,0,0,0,0,0,0,0,0,0,0,0,0.549128330810944
"HELZ",0,0,0,0,0,0,0,0,0,0,0,0,0,0.788528890179058
"GPR183",0,0,0,0,0,0,0,0,0,0,0,0,0,-0.249189172557281
"FECH",0,0,0,0,0,0,0,0,0,0,0,0,0,-1.2274543524353
"RFTN1",0,0,0,0,0,0,0,0,0,0,0,0,0,-3.79894180680597
"FCER1A",0,0,0,0,0,0,0,0,0,0,0,0,0,-0.687002354355149
"CCR7",0,0,0,0,0,0,0,0,0,0,0,0,0,-0.0913579863666508
"FAM118A",0,0,0,0,0,0,0,0,0,0,0,0,0,0.105008204611341
"GLCCI1",0,0,0,0,0,0,0,0,0,0,0,0,0,0.839600403478505
"LGALS12",0,0,0,0,0,0,0,0,0,0,0,0,0,-1.89021646197592
"RUNX3",0,0,0,0,0,0,0,0,0,0,0,0,0,-0.480327242970338
"NDFIP1",0,0,0,0,0,0,0,0,0,0,0,0,0,1.34983282729493
"RNF146",0,0,0,0,0,1,0,0,0,0,0,0,0,-3.51610609592197
"CTSS",0,0,0,0,0,0,0,0,0,0,0,0,0,-3.05895385748899
"MMP19",0,0,0,0,0,0,0,0,0,0,0,0,0,3.68151244871913
"LOC101060424",0,0,0,0,0,0,0,0,0,0,0,0,0,-3.88960555190779
"TLR7",0,0,0,0,1,0,0,0,0,0,0,0,0,1.61606419976442
"NLRC4",0,0,0,0,0,0,0,0,0,0,0,0,0,0.890577867342292
"TRGC2",0,0,0,0,0,0,0,0,0,0,0,0,0,4.7580119942432
"COA7",0,0,0,0,0,0,0,0,0,0,0,0,0,0.755940804207745
"ZFYVE21",0,0,0,0,0,0,0,0,0,0,0,0,0,-1.74833158948048
"CYLD",0,0,0,0,0,0,0,0,0,0,0,0,0,0.549025068493422
"KIF21B",0,0,0,0,0,0,0,0,0,0,0,0,0,-0.954614281515769
"UTRN",0,0,0,0,0,1,0,0,0,0,0,0,0,-0.0981281749024808
"TRGV9",0,0,0,0,0,0,0,0,0,0,0,0,0,16.2278474952582
"GTF2H2B",0,1,0,0,0,0,0,0,0,0,0,0,0,-4.10763494802522
"C21orf91-OT1",0,0,0,0,0,0,0,0,0,0,0,0,0,0.265135065840261
"TRAPPC12",0,0,0,0,0,0,0,0,0,0,0,0,0,0.430725961018268
"ARHGAP1",1,0,0,1,0,0,0,0,0,0,0,0,0,-1.12317685706492
"XRCC5",0,0,0,0,0,0,0,0,0,0,0,0,0,4.17889211116281
"CD207",0,0,0,0,0,0,0,0,0,0,0,0,0,-1.86794956361931
"TIPRL",0,0,0,0,0,0,0,0,0,0,0,0,0,-1.42477118412755
"DUSP4",0,0,0,0,0,0,0,0,0,0,0,0,0,-0.413860267385347
"ATP2A3",0,0,0,0,0,0,0,0,0,0,0,0,0,-1.35993796807946
"HAUS1",0,0,0,0,0,0,0,0,0,0,0,0,0,-1.19717045698886
"MEIS3P1",0,0,0,0,0,0,0,0,0,0,0,0,0,1.57880988649833
"SCOC",0,0,1,0,0,0,0,0,0,0,0,0,0,1.98228807222272
"ADORA3",0,0,0,0,0,0,0,0,0,0,0,0,0,0.489538986285741
"ICOSLG",0,0,0,0,0,0,0,0,0,0,0,0,0,0.597982352422294
"RASAL3",0,0,0,0,0,0,0,0,0,0,0,0,0,-4.00496454370587
"UBA3",0,0,0,0,0,0,0,0,0,0,0,0,0,1.13949707542818
"IL18R1",0,0,0,0,0,0,0,0,0,0,0,0,0,0.228646103688051
"DAD1",0,0,0,0,0,0,0,0,0,0,0,0,0,3040.92150705907
"REL",1,0,0,1,0,0,0,0,0,0,0,0,0,0.46970267469525
"TBC1D2B",0,1,0,0,0,0,0,0,0,0,0,0,0,-9.83413302648989
"SMG1P5",0,0,0,0,0,0,0,0,0,0,0,0,0,-1.3072953168338
"DNAJB1",0,0,0,0,0,0,0,0,0,0,0,0,0,-0.370626416545567
"COL4A3BP",0,0,0,0,0,0,0,0,0,0,0,0,0,1.23939233874183
"CD1E",0,0,0,0,0,0,0,0,0,0,0,0,0,-0.378788210506762
"TRAF1",0,0,0,0,0,0,0,0,0,0,0,0,0,0.931704842990655
"VSTM1",0,0,0,0,0,0,0,0,0,0,0,0,0,0.677747502822764
"PLBD1",0,0,0,0,0,0,0,0,0,0,0,1,0,3.70160985896711
"PQLC3",0,0,0,0,0,0,0,0,0,0,0,0,0,1.41988886869561
"SIGLEC7",0,0,0,0,0,0,0,0,0,0,0,0,0,0.837903314206297
"TES",0,0,0,0,0,0,0,0,0,0,0,0,0,-0.250502340501844
"TTYH2",0,0,0,0,0,0,0,0,0,0,0,0,0,0.0122580063412547
"STX7",0,0,0,0,0,0,0,0,0,0,0,0,0,-1.00859173501063
"SOCS1",0,0,0,0,0,0,0,0,0,0,0,0,0,-1.48642122497186
"CCNYL1",0,0,0,0,0,0,0,0,0,0,0,0,0,0.897534147322204
"CAMP",0,0,0,0,0,0,0,0,0,0,0,0,0,34.0284270217149
"PTPRCAP",0,0,0,0,0,0,0,0,0,0,0,0,0,-0.202812357234606
"GNB4",0,0,0,0,0,0,0,0,0,0,0,0,0,-0.0115754801686808
"STAC3",0,0,0,0,0,0,0,0,0,0,0,0,0,0.506490307562545
"ASXL1",0,0,0,0,0,0,0,0,0,0,0,0,0,3.4890653890583
"ARPC3",0,0,0,0,0,0,0,0,0,0,0,0,0,1.82977035856306
"ADAM19",0,0,0,0,0,0,0,0,0,0,0,0,0,-1.04883268573511
"CD1C",0,0,0,0,0,0,0,0,0,0,0,0,0,-1.91192927570292
"PTBP3",0,0,0,0,0,0,0,0,0,0,0,0,0,0.12356234286165
"ETS1",0,0,0,0,0,0,0,0,0,0,0,0,0,-1.15969876980265
"GPR171",0,0,0,0,0,0,0,0,0,0,0,0,0,0.39690844777529
"GGT5",0,0,0,0,0,0,0,0,0,0,0,0,0,-0.191903412855548
"HRH4",0,0,0,0,0,0,0,0,0,0,0,0,0,-5.98651107536058
"BANK1",0,0,0,0,0,0,0,0,0,0,0,0,0,0.172962408414037
"THBS1",0,0,0,0,0,0,0,0,0,0,0,0,0,0.302072115905054
"IL2RA",0,0,0,0,0,0,0,0,0,0,0,0,0,0.251842945518244
"RNPEP",0,0,0,0,0,0,0,0,0,0,0,0,0,-6.94432557728518
"TRAM1",0,0,0,0,0,0,0,0,0,0,0,0,0,-3.4374765984394
"ANKRD10",0,0,0,0,0,0,0,0,0,0,0,0,0,0.125352010700363
"LINC01094",0,0,0,0,0,0,0,0,0,0,0,0,0,-0.0634898739293589
"BTBD19",0,0,0,0,0,0,0,0,0,0,0,0,0,-0.129123699456966
"ADAM1A",0,0,0,0,0,0,0,0,0,0,0,0,0,-0.247464841105633
"COPG1",0,0,0,0,0,0,0,0,0,0,0,0,0,-1.29802292072802
"PAQR8",0,0,0,0,0,0,0,0,0,0,0,0,0,-1.17369407435344
"C8orf60",0,0,0,0,0,0,0,0,0,0,0,0,0,0.236308396712633
"HN1",0,1,0,0,0,0,0,0,0,0,0,0,0,0.311272549731589
"SCARB2",1,0,0,1,0,0,0,0,0,0,0,0,0,-8.96868857902518
"TPSB2",0,0,0,0,0,0,0,0,0,0,0,0,0,-0.904618975712136
"ETS2",0,0,0,0,0,0,0,0,0,0,0,0,0,-0.169518673876152
"FCF1",0,0,0,0,0,0,0,0,0,0,0,0,0,5.38743778903386
"C11orf49",0,0,0,0,0,0,0,0,0,0,0,0,0,-1.27669026515791
"ANKRD44-IT1",0,0,0,0,0,0,0,0,0,0,0,0,0,0.569754853375079
"XPNPEP3",0,0,0,0,0,0,0,0,0,0,0,0,0,-1.93116790158566
"TP53",0,0,0,0,0,0,0,0,0,0,0,0,0,8.07949024969334
"OTOA",0,0,0,0,0,0,0,0,0,0,0,0,0,12.5600656276728
"MAGOHB",0,0,0,0,0,0,0,0,0,0,0,0,0,-3.16235255798043
"BROX",0,0,0,0,0,0,0,0,0,0,0,0,0,11.1948961288815
"PPP3R1",0,0,0,0,0,0,0,0,0,0,0,0,0,0.947870455657586
"COQ2",0,0,0,0,0,0,0,0,0,0,0,0,0,-0.0167854742163869
"CSTA",0,0,0,0,0,0,0,0,0,0,0,0,0,21.6805868417173
"ZNF610",0,0,0,0,0,0,0,0,0,0,0,0,0,-1.3520602669498
"CUL2",0,0,0,0,0,0,0,0,0,0,0,0,0,-19.1786714520938
"IRF4",0,0,0,0,0,0,0,0,0,0,0,0,0,-0.719192090842589
"TMEM120A",0,0,0,0,0,0,0,0,0,0,0,0,0,0.423283081069068
"ITM2A",0,0,0,0,0,0,0,0,0,0,0,0,0,0.313642715818698
"UMPS",0,0,1,0,1,0,0,0,0,0,0,0,0,0.679818163667335
"C5orf22",0,0,0,0,0,0,0,0,0,0,0,0,0,-4.78230006638632
"SUMO1",0,0,0,0,0,0,0,0,0,0,0,0,0,-0.28338340273764
"PRDX3",0,0,0,0,0,0,0,0,0,0,0,0,0,9.25459898861268
"LOC284454",0,0,0,0,0,0,0,0,0,0,0,0,0,0.968724281229438
"C2CD5",0,0,0,0,0,0,0,0,0,0,0,0,0,-2.36878252150477
"FLJ37453",0,0,0,0,0,0,0,0,0,0,0,0,0,38.6266336152302
"EXTL2",0,0,0,0,0,0,0,0,0,0,0,0,0,3.38586633028362
"ATG2A",1,1,0,1,1,0,0,0,0,0,0,0,0,-0.0154337905969782
"DCN",0,0,0,0,0,0,0,0,0,0,0,0,0,-1.01513996836776
"FAM101B",0,0,0,0,0,0,0,0,0,0,0,0,0,-0.330122172343189
"BTG1",0,0,0,0,0,0,0,1,1,0,1,0,0,0.212585446917355
"ERN1",0,0,0,0,0,0,0,0,0,0,0,0,0,-0.33885204829054
"TGOLN2",0,0,0,0,0,0,0,0,0,1,1,0,0,-4.17153436279337
"LOC100130264",0,0,0,0,0,0,0,0,0,0,0,0,0,-0.687266938130099
"SLC7A11",0,0,0,0,0,0,0,0,0,0,0,0,0,19.1289072576253
"PRKCZ",0,0,0,0,0,0,0,0,0,0,0,0,0,0.575664346983367
"SH2D2A",0,0,0,0,0,0,0,0,0,0,0,0,0,0.70587556110185
"PDE2A",0,0,0,0,0,0,0,0,0,0,0,0,0,-0.542053126991736
"GINM1",0,0,0,0,0,1,0,0,0,0,0,0,0,-1.62876569512844
"SLC16A10",0,0,0,0,0,0,0,0,0,0,0,0,0,1.76201823854004
"MAP3K1",0,0,0,0,0,0,0,0,0,0,0,0,0,0.697207074352751
"FRMD4B",0,0,0,0,0,0,0,0,0,0,0,0,0,-0.806765158677587
"MARS2",0,0,0,0,0,0,0,0,0,0,0,0,0,8.39292547535908
"DNAJC19",0,0,0,0,0,0,0,0,0,0,0,0,0,-4.01864236964469
"FAM57A",0,0,0,0,0,0,0,0,0,0,0,0,0,-0.932652180838628
"HIF1A",0,0,0,0,0,0,0,0,0,0,0,0,0,0.52170965793205
"Mar-01",0,0,0,0,0,0,0,0,0,0,0,0,0,-0.143336996927652
"LSM6",0,0,0,0,0,0,0,0,0,0,0,0,0,-7.48918815224367
"ZYG11B",0,0,0,0,0,0,0,0,0,0,0,0,0,1.14814305815706
"ZCRB1",0,0,0,0,0,0,0,0,0,0,0,0,0,-4.60628292996783
"ACAA1",0,0,0,0,0,0,0,0,0,0,0,0,0,0.113045772651748
"P2RY10",0,0,0,0,0,0,0,0,0,0,0,0,0,1.26382595493506
"SLC35F5",0,0,0,0,0,0,0,0,0,0,0,0,0,1.1013622928373
"RNF135",0,0,0,0,0,0,0,0,0,0,0,0,0,3.71030647694684
"CCR3",0,0,0,0,0,0,0,0,0,0,0,0,0,-0.17064191144594
"ADAT2",0,0,0,0,0,0,0,0,0,0,0,0,0,0.168671394797569
"PDIA6",0,0,0,0,0,0,0,0,0,0,0,0,0,4.57752618036463
"LOC286052",0,0,0,0,0,0,0,0,0,0,0,0,0,0.256377024471262
"CCDC115",0,0,0,0,0,0,0,0,0,0,0,0,0,-1.89515385120707
"SFMBT2",0,0,0,0,0,0,0,0,0,0,0,0,0,-0.247471079619658
"WNT5A",0,0,0,0,0,0,0,0,0,0,0,0,0,-3.30004959177537
"FBXO3",0,0,0,0,0,0,0,0,0,0,0,0,0,-0.759230119782439
"ZFYVE26",0,0,0,0,0,0,0,0,0,0,0,0,0,0.963536841151734
"ADAM10",0,0,0,0,1,1,0,0,0,0,0,0,0,2.44523992990522
"DNM2",0,0,0,0,0,0,0,0,0,0,0,0,0,-1.63630800998534
"NFKBIE",0,0,0,0,0,0,0,0,0,0,0,0,0,-0.196736841672095
"CD300LB",0,0,0,0,0,0,0,0,0,0,0,0,0,-0.115705336138738
"SRFBP1",0,0,0,0,0,0,0,0,0,0,0,0,0,2.01182515283901
"ANPEP",0,0,0,0,0,0,0,0,0,0,0,0,0,1.67785469450871
"ZKSCAN8",1,1,1,1,0,0,0,0,0,0,0,0,0,2.29712472511839
"GCSH",0,0,0,0,0,0,0,0,0,0,0,0,0,1.05820334376696
"LOC541473",0,0,0,0,0,0,0,0,0,0,0,0,0,-0.9173659046452
"SUCLG2",0,0,0,0,0,0,0,0,0,0,0,0,0,-4.13273490321322
"KIT",0,0,0,0,0,0,0,0,0,0,0,0,0,-0.0516523018747883
"FCGR3B",0,0,0,0,0,0,0,0,0,0,0,0,0,-0.108846696062679
"BRCC3",0,0,0,0,0,0,0,0,0,0,0,1,0,-3.75218989817215
"PCCA",0,0,0,0,0,0,0,1,0,0,0,0,0,-2.52765677910107
"KCNJ13",0,0,0,0,0,0,0,0,0,0,0,0,0,0.440134314059729
"SPAG5-AS1",0,0,0,0,0,0,0,0,0,0,0,0,0,-1.33761856292676
"ZNF587B",0,0,0,0,0,0,0,0,0,0,0,0,0,9.45727330541603
"FCER2",0,0,0,0,0,0,0,0,0,0,0,0,0,-0.0833726195382651
"LENG8",0,0,0,0,0,0,0,0,0,0,0,0,0,-3.92848146834069
"SAMD9L",0,0,0,0,0,0,0,0,0,0,0,0,0,0.946304839738147
"LY96",0,0,0,0,0,0,0,0,0,0,0,0,0,0.103167831043011
"PPP1R14A",0,0,0,0,0,0,0,0,0,0,0,0,0,3.14833508627966
"SYMPK",0,0,0,0,0,0,0,0,0,0,0,0,0,5.18674758730476
"IL3RA",0,0,0,0,0,0,0,0,0,0,0,0,0,-1.25287149336225
"FLVCR1",0,0,0,0,0,0,0,0,0,0,0,0,0,-0.9925211793721
"MMP10",0,0,0,0,0,0,0,0,0,0,0,0,0,8.55142982100387
"MMP12",0,0,0,0,0,0,0,0,0,0,0,0,0,-3.12922605721929
"SIAH2",0,0,0,0,0,0,0,0,0,0,0,0,0,-0.0156682463404071
"FCGR1B",0,0,0,0,0,0,0,0,0,0,0,0,0,0.498509632019091
"TLR1",0,0,0,0,0,0,0,0,0,0,0,0,0,-0.374342719807137
"IFI16",0,0,0,0,0,0,0,0,0,0,0,0,0,0.992651180994745
"NR4A1",0,0,0,0,0,0,0,0,0,0,0,0,0,0.162823765145432
"GPR42",0,0,0,0,0,0,0,0,0,0,0,0,0,-1.79782332045098
"RNA45S5",0,0,0,0,0,0,0,0,0,0,0,0,0,0.595991258061287
"CD1B",0,0,0,0,0,0,0,0,0,0,0,0,0,1.39366143724578
"RBM47",0,0,0,0,0,0,0,0,0,0,0,0,0,0.139007410300847
"KMT2A",0,0,0,0,0,0,0,0,0,0,0,0,0,-13.6881180606039
"CD24",0,0,0,0,0,0,0,0,0,0,0,0,0,-3.5787180433385
"CASP4",0,0,0,0,0,0,0,0,0,0,0,0,0,-0.244389749793453
"TPSAB1",0,0,0,0,0,0,0,0,0,0,0,0,0,-0.469606270123517
"DNASE1L3",0,0,0,0,0,0,0,0,0,0,0,0,0,-5.5037647149039
"EPN2-AS1",0,0,0,0,0,0,0,0,0,0,0,0,0,-1.86979380132174
"GIMAP4",0,0,0,0,0,0,0,0,0,0,0,0,0,-0.256198109257944
"TLR8",0,0,0,0,0,0,0,0,0,0,0,0,0,-0.196666821212859
"F13A1",0,0,0,0,0,0,0,0,0,0,0,0,0,-0.812143057328764
"PJA2",0,0,0,0,0,0,0,0,0,0,0,0,0,0.916046538940605
"UGT2B28",0,0,0,0,0,0,0,0,0,0,0,0,0,-2.96794420330305
"FCGR1A",0,0,0,0,0,0,0,0,0,0,0,0,0,0.696978697664567
"S100A8",0,0,0,0,0,0,0,0,0,0,0,0,0,-0.253121912783815
"RRN3P2",0,0,0,0,0,0,0,0,0,0,0,0,0,0.0356245579487479
"NFKBID",0,0,0,0,0,0,0,0,0,0,0,0,0,-0.338434385321009
"TRIM22",0,0,0,0,0,0,0,0,0,0,0,0,0,0.559996950447504
"HSD17B11",0,0,0,0,0,0,0,0,0,0,0,0,0,-0.530166927249607
"UBE2D1",0,0,0,0,0,0,0,0,0,0,0,0,0,0.534387384711845
"CD1A",0,0,0,0,0,0,0,0,0,0,0,0,0,-0.106046581492198
"MNDA",0,0,0,0,0,0,0,0,0,0,0,0,0,0.398340892586371
"DIDO1",0,0,0,0,0,0,0,0,0,0,0,0,0,9.21854550900746
"SLA",0,0,0,0,0,0,0,0,0,0,0,0,0,-0.13904231598746
"CTNS",0,0,0,0,0,0,0,0,0,0,0,0,0,-5.84662623864494
"MAPK14",0,0,0,0,0,0,0,0,0,0,0,0,0,-1.04788836296228
"NR4A3",0,0,0,0,0,0,0,0,0,0,0,0,0,-0.310574301104813
"MORC3",0,0,0,0,0,0,0,0,0,0,0,0,0,0.97590605310939
"MSL2",0,0,0,0,0,0,0,0,0,0,0,0,0,3.36451102596631
"IFIT3",0,0,0,0,0,0,0,0,0,0,0,0,0,0.0376501431769503
"PALLD",0,0,0,0,0,0,0,0,0,0,0,0,0,-1.56935661782727
"SNX18",0,0,0,0,0,0,0,0,0,0,0,0,0,-0.134870711886725
"CYSLTR2",0,0,0,0,0,0,0,0,0,0,0,0,0,-0.872840295363309
"PSMB9",0,0,0,0,0,0,0,0,0,0,0,0,0,0.263046532484108
"PARP9",0,0,0,0,0,0,0,0,0,0,0,0,0,0.448635123011631
"NUB1",0,0,0,0,0,0,0,0,0,0,0,0,0,0.0668736566389281
"SBF2",0,0,0,0,0,0,0,0,0,0,0,0,0,-0.148611126728761
"CLIC4",0,0,0,0,0,0,0,0,0,0,0,0,0,-2.09945634226063
"POLR2J4",0,0,0,0,0,0,0,0,0,0,0,0,0,-2.15633226202468
"S100A9",0,0,0,0,0,0,0,0,0,0,0,0,0,-0.548031440371573
"TLR4",0,0,0,0,0,0,0,0,0,0,0,0,0,0.436715644141076
"STARD4",0,0,0,0,0,0,0,0,0,0,0,0,0,-0.296583750775331
"FHL3",0,0,0,0,0,0,0,0,0,0,0,0,0,-3.25911855867287
"TANC2",0,0,0,0,0,0,0,0,0,0,0,0,0,0.322527753548975
"CTBS",0,0,0,0,0,0,0,0,0,0,0,0,0,0.38874568997441
"DPH1",0,0,0,0,0,0,0,0,0,0,0,0,0,-0.976614785388452
"AREG",0,0,0,0,0,0,0,0,0,0,0,0,0,-0.0802783204714002
"IFIT2",0,0,0,0,0,0,0,0,0,0,0,0,0,-0.507724072571521
"ARHGEF3",0,0,0,0,0,0,0,0,0,0,0,0,0,3.28748828063942
"OLIG2",0,0,0,0,0,0,0,0,0,0,0,0,0,-51.7157175997999
"ACSL1",0,0,0,0,0,0,0,0,0,0,0,0,0,-0.348084179306275
"NMI",0,0,0,0,0,0,0,0,0,0,0,0,0,0.000239151058004634
"DACH1",0,0,0,0,0,0,0,0,0,0,0,0,0,-1.48811688078197
"CSF1",0,0,0,0,0,0,0,0,0,0,0,0,0,1.55497337725094
"WDFY3",0,0,0,0,0,0,0,0,0,0,0,0,0,-0.755499029213459
"TLR6",0,0,0,0,0,0,0,0,0,0,0,0,0,-0.603064598175872
"CASP5",0,0,0,0,0,0,0,0,0,0,0,0,0,-0.371788942208063
"PNPLA6",0,0,0,0,0,0,0,0,0,0,0,0,0,-2.28256685259551
"CPEB4",0,0,0,0,0,0,0,0,0,0,0,0,0,-0.457691244066745
"VAV1",0,0,0,0,0,0,0,0,0,0,0,0,0,0.828403127220886
"CARD16",0,0,0,0,0,0,0,0,0,0,0,0,0,-0.0590235807698594
"FAM129A",0,0,0,0,0,0,0,0,0,0,0,0,0,0.776440438861236
"GIMAP2",0,0,0,0,0,0,0,0,0,0,0,0,0,-8.09154668683106
"HMG20B",0,0,0,0,0,0,0,0,0,0,0,0,0,-0.546408457486371
"NT5DC1",0,0,0,0,0,0,0,0,0,0,0,1,0,-0.0446779780426232
"ABHD3",0,0,0,0,0,0,0,0,0,0,0,0,0,-0.571448962127242
"S1PR1",0,0,0,0,0,0,0,0,0,0,0,0,0,0.23686740394274
"LAP3",0,0,0,0,0,0,0,0,0,0,0,0,0,0.867594684105176
"LOC100505812",0,0,0,0,0,0,0,0,0,0,0,0,0,-0.0951223064875507
"TMLHE",0,0,0,0,0,0,0,0,0,0,0,0,0,-0.232886003177891
"ARL4C",0,0,0,0,0,0,0,0,0,0,0,0,0,5.83789177592057
"KRCC1",0,0,0,0,0,0,0,0,0,0,0,0,0,-0.382698879117185
"CREB5",0,0,0,0,0,0,0,0,0,0,0,0,0,-0.535742797794657
"YES1",0,0,0,0,0,0,0,0,0,0,0,0,0,1.26740144009343
"RNF149",0,0,0,0,0,0,0,0,0,0,0,0,0,-0.927945869073298
"ZNF395",0,0,0,0,0,0,0,0,0,0,0,0,0,-0.406048705028642
"SIGLEC5",0,0,0,0,0,0,0,0,0,0,0,0,0,0.478858148934097
"ACN9",0,0,0,0,0,0,0,0,0,0,0,0,0,3.4050770114808
"CLEC4D",0,0,0,0,0,0,0,0,0,0,0,0,0,0.352489806877181
"JARID2-AS1",0,0,0,0,0,0,0,0,0,0,0,0,0,0.0246180771079619
"PKIB",0,0,0,0,0,0,0,0,0,0,0,0,0,0.0848918497218737
"HERC5",0,0,0,0,0,0,0,0,0,0,0,0,0,-0.118102395502278
"SYNE1",0,0,0,0,0,0,0,0,0,0,0,0,0,-0.399301173892499
"CXCL10",0,0,0,0,0,0,0,0,0,0,0,0,0,2.32778689681556
"RBM7",0,0,0,0,0,0,0,0,0,0,0,0,0,0.0536017709668225
"AP3M1",0,0,0,0,0,0,0,0,0,0,0,0,0,1.52713794663082
"IGLC1",0,0,0,0,0,0,0,0,0,0,0,0,0,-0.301820116951169
"TRIM5",0,0,0,0,0,0,0,0,0,0,0,0,0,-0.524527408479255
"FAM160B1",0,0,0,0,0,0,0,0,0,0,0,0,0,-0.0209879705498495
"CASP1",0,0,0,0,0,0,0,0,0,0,0,0,0,0.0461564730892991
"STK3",0,0,0,0,0,0,0,0,0,0,0,0,0,0.0373918081563906
"CDC73",0,0,0,0,0,0,0,0,0,0,0,0,0,2.12371586594469
"CR1",0,0,0,0,0,0,0,0,0,0,0,0,1,-0.457912513721983
"MARCKSL1",0,0,0,0,0,1,0,0,0,0,0,0,0,-0.648974874588813
"GAPT",0,0,0,0,0,0,0,0,0,0,0,0,0,-0.638832386377127
"CLOCK",0,0,0,0,0,0,0,0,0,0,0,0,0,-5.98581294542182
"TNFSF10",0,0,0,0,0,0,0,0,0,0,0,0,0,-0.119709254888869
"CST1",0,0,0,0,0,0,0,0,0,0,0,0,0,0.0311138714786544
"CPPED1",0,0,0,0,0,0,0,0,0,0,0,0,0,0.386704660155422
"NDFIP2",0,0,0,0,0,0,0,0,0,0,0,0,0,-13.4612089741716
"PDCD2",0,0,0,0,0,0,0,0,0,0,0,0,0,-4.92663749453283
"ASAP1-IT1",0,0,0,0,0,0,0,0,0,0,0,0,0,1.04562961603271
"SPG11",0,0,0,0,0,0,0,0,0,0,0,0,0,1.40173870875736
"POC1B",0,0,0,0,0,0,0,0,0,0,0,0,0,-2.69434619686405
"KLHL15",0,0,0,0,0,0,0,0,0,0,0,0,0,-0.299882918777442
"NAIP",0,0,0,0,0,0,0,0,0,0,0,0,0,-0.154725199447162
"LOC101927066",0,0,0,0,0,0,0,0,0,0,0,0,0,-0.280996835239412
"IFIH1",0,0,0,0,0,0,0,0,0,0,0,0,0,-0.0610295667471944
"MIR142",0,0,0,0,0,0,0,0,0,0,0,0,0,-2.5543731833078
"OAS1",0,0,0,0,0,0,0,0,0,0,0,0,0,-4.16688585005524
"UTP11L",0,0,0,0,0,0,0,0,0,0,0,0,0,1.28002427538703
"APOL3",0,0,0,0,0,0,0,0,0,0,0,0,0,0.270972773542706
"ATAD2B",0,0,0,0,0,0,0,0,0,0,0,0,0,1.11332608410577
"IL6ST",0,0,0,0,0,0,0,0,0,0,0,0,0,0.69975995022312
"RAB11FIP3",0,0,0,0,0,0,0,0,0,0,0,0,0,-0.686865904651414
"GADD45A",0,0,0,0,0,0,0,0,0,0,0,0,0,3.41132808998838
"CXCR2",0,0,0,0,0,0,0,0,0,0,0,0,0,0.705532522531203
"SPATA13",0,0,0,0,0,0,0,0,0,0,0,0,0,0.0994873273125659
"PARP8",0,0,0,0,0,0,0,0,0,0,0,0,0,0.352364460099541
"IGLV@",0,0,0,0,0,0,0,0,0,0,0,0,0,-0.294075897551856
"OAS3",0,0,0,0,0,0,0,0,0,0,0,0,0,1.02512680019315
"MSRB1",0,0,0,0,0,0,0,0,0,0,0,0,0,0.428390002710233
"SLC7A11-AS1",0,0,0,0,0,0,0,0,0,0,0,0,0,-0.970760182064276
"MRVI1",0,0,0,0,0,0,0,0,0,0,0,0,0,-0.495626978689771
"PIGK",0,0,0,0,0,0,0,0,0,0,0,0,0,-1.41512377743278
"VNN2",0,0,0,0,0,0,0,0,0,0,0,0,0,0.559204565194748
"NSUN7",0,0,0,0,0,0,0,0,0,0,0,0,0,0.0496336817260526
"PTPN7",0,0,0,0,0,0,0,0,0,0,0,0,0,0.188972176445045
"UGCG",0,0,0,0,0,0,0,0,0,0,0,0,0,5.87099265981783
"BPIFB1",0,0,0,0,0,0,0,0,0,0,0,0,0,-1.61831645090447
"BAZ1A",0,0,0,0,0,0,0,0,0,0,0,0,0,0.294861658659343
"FGFR1OP2",0,0,0,0,0,0,0,0,0,0,0,0,0,-7.01760400573631
"GZMB",0,0,0,0,0,0,0,0,0,0,0,0,0,-5.92302259155793
"KLRC4-KLRK1",0,0,0,0,0,0,0,0,0,0,0,0,0,3.58176204962825
"LOC158402",0,0,0,0,0,0,0,0,0,0,0,0,0,-12.3333565520244
"OR4F3",0,0,0,0,0,0,0,0,0,0,0,0,0,-0.410013601337423
"LRRC8D",0,0,0,0,0,0,0,0,0,0,0,0,0,-3.96421596121271
"CD93",0,0,0,0,0,0,0,0,0,0,0,0,0,-0.97333507421922
"DENND5B",0,0,0,0,0,0,0,0,0,0,0,0,0,0.622487617930646
"AMELX",0,0,0,0,0,0,0,0,0,0,0,0,0,-0.221112308631615
"R3HCC1",0,0,0,0,0,0,0,0,0,0,0,0,0,-5.35616443519814
"LOC100506860",0,0,0,0,0,0,0,0,0,0,0,0,0,-0.265339948185615
"GORASP2",0,0,0,0,0,0,0,0,0,0,0,0,0,7.20024295671313
"PRF1",0,0,0,0,0,0,0,0,0,0,0,0,0,0.300392991161709
"NFAT5",0,0,0,0,0,0,0,0,0,0,0,0,0,4.23575313388996
"UNC5B",0,0,0,0,0,0,0,0,0,0,0,0,0,-1.25049619980222
"CDR1",0,0,0,0,0,0,0,0,0,0,0,0,0,7.90045170465383
"CLPTM1",0,0,0,0,0,0,0,0,0,0,0,0,0,0.0910200617751288
"LRP5L",0,0,0,0,0,0,0,0,0,0,0,0,0,0.217414717778381
"IL1R2",0,0,0,0,0,0,0,0,0,0,0,0,0,0.526436194465728
"NELFCD",0,0,0,0,0,0,0,0,0,0,0,0,0,4.45692015333796
"DPY19L1",0,0,0,0,0,0,0,0,0,0,0,0,0,1.92211823257793
"TREML2",0,0,0,0,0,0,0,0,0,0,0,0,0,0.595723197041359
"LINC01366",0,0,0,0,0,0,0,0,0,0,0,0,0,0.550488421835525
"REPS2",0,0,0,0,0,0,0,0,0,0,0,0,0,-0.885146459706875
"FLOT1",0,0,1,0,1,0,0,0,0,0,0,0,0,-0.430862593614441
"FLJ44896",0,0,0,0,0,0,0,0,0,0,0,0,0,5.28757058113972
"IL18RAP",0,0,0,0,0,0,0,0,0,0,0,0,0,0.280780648970018
"CLEC12A",0,0,0,0,0,0,0,0,0,0,0,0,0,0.501282896323434
"SPINT1",0,0,0,0,0,0,0,0,0,0,0,0,0,-54.4516021653764
"LOC100506235",0,0,0,0,0,0,0,0,0,0,0,0,0,-1.39581211811926
"EPB41L5",0,0,0,0,0,0,0,0,0,0,0,0,0,-0.875858546652771
"RYR1",0,0,0,0,0,0,0,0,0,0,0,0,0,0.94709150651706
"ING2",0,0,0,0,0,0,0,0,0,0,0,0,0,0.229711821871685
"LOC731424",0,0,0,0,0,0,0,0,0,0,0,0,0,1.21657709641503
"RNF125",0,0,0,0,0,0,0,0,0,0,0,0,0,-7.37895753561697
"PHC2",0,0,0,0,0,0,0,0,0,0,0,0,0,0.387807423150227
"AKAP11",0,0,0,0,0,0,0,0,0,0,0,0,0,-2.45093389415827
"LOC100127886",0,0,0,0,0,0,0,0,0,0,0,0,0,0.895006601291313
"PSMB8-AS1",0,0,0,0,0,0,0,0,0,0,0,0,0,0.263639625259801
"MAFF",0,0,0,0,0,0,0,0,0,0,0,0,0,-0.405534224084463
"LOC100129406",0,0,0,0,0,0,0,0,0,0,0,0,0,1.23745017107265
"MBOAT1",0,0,0,0,0,0,0,0,0,0,0,0,0,-0.504570155503239
"MIR101-1",0,0,0,0,0,0,0,0,0,0,0,0,0,-0.669803343012273
"SERPINB8",0,0,0,0,0,0,0,0,0,0,0,0,0,-19.1900773428165
"GTPBP10",0,0,0,0,0,0,0,0,0,0,0,0,0,8.3685877995823
"SLC25A37",0,1,0,0,0,0,0,0,0,0,0,0,0,0.285615544145795
"MGAM",1,0,0,1,0,0,0,0,0,0,0,0,0,-0.969168661897253
"LOC642236",0,0,0,0,0,0,0,0,0,0,0,0,0,542.037592974219
"VNN3",0,0,0,0,0,0,0,0,0,0,0,0,0,0.11611429797977
"LMO4",0,0,0,0,0,0,0,0,0,0,0,0,0,5.53925054815696
"DYSF",0,0,0,0,0,0,0,0,0,0,0,0,0,0.860000690579972
"MRPS10",0,0,0,0,0,0,0,0,0,0,0,0,0,1.36466873219846
"HIST1H2AC",0,0,0,0,0,0,0,0,0,0,0,0,0,-0.579709588961477
"VPS36",0,0,0,0,0,0,0,0,0,0,0,0,0,-1.23616144670375
"PIGP",0,0,0,0,0,0,0,0,0,0,0,0,0,-1.10643362770982
"INAFM1",0,0,0,0,0,0,0,0,0,0,0,0,0,-0.0974453580483656
"IDI2-AS1",0,0,0,0,0,0,0,0,0,0,0,0,0,0.358481713263518
"SYNE2",0,0,0,0,0,0,0,0,0,0,0,0,0,-0.656992236159034
"TSPAN2",0,0,0,0,0,0,0,0,0,0,0,0,0,-1.43926430103227
"CD3E",0,0,0,0,0,0,0,0,0,0,0,0,0,2.2262368773588
"TMEM14B",0,0,0,0,0,0,0,0,0,0,0,0,0,-1.49003099565226
"PITPNA",0,0,0,0,0,0,0,0,0,0,0,0,0,-0.0112080667950145
"RHOH",0,0,0,0,0,0,0,0,0,0,0,0,0,0.197620600894804
"DOCK5",0,0,0,0,0,0,0,0,0,0,0,0,0,0.479084820628904
"RELL1",0,0,0,0,0,0,0,0,0,0,0,0,0,4.78398003950045
"NSMCE1",0,0,0,0,0,0,0,0,0,0,0,0,0,1.72566574583577
"BCL9",0,0,0,0,0,0,0,0,0,0,0,0,0,0.166315505797134
"TRANK1",0,0,0,0,0,0,0,0,0,0,0,0,0,0.267815862673406
"NBN",0,0,0,0,0,0,0,0,0,0,0,0,0,0.203135016543947
"MYO6",0,0,0,0,0,0,0,0,0,0,0,0,0,-1.1135077239436
"ZNF557",0,0,0,0,0,0,0,0,0,0,0,0,0,2.07703339627098
"SNX30",0,0,0,0,0,0,0,0,0,0,0,0,0,0.236886656792473
"TNIP1",0,0,0,0,0,0,0,0,0,0,0,0,0,0.934960014138092
"TTC7A",0,0,0,0,0,0,0,0,0,0,0,1,0,0.973928856363752
"NKG7",0,0,0,0,0,0,0,0,0,0,0,0,0,0.815956836360675
"SAMSN1",0,0,0,0,0,0,0,0,0,0,1,0,0,0.0413283426446962
"FBXL13",0,0,0,0,0,0,0,0,0,0,0,0,0,0.824984567729683
"KIAA0100",0,0,0,0,0,0,0,0,0,0,0,0,0,10.334220220654
"WWP1",0,0,0,0,0,0,0,0,0,0,0,0,0,2.76566201213583
"PTGER2",0,0,0,0,0,0,0,0,0,0,0,0,0,-0.707487402043733
"SLAMF1",0,0,0,0,0,0,0,0,0,0,0,0,0,0.205786978437564
"TRBC1",0,0,0,0,0,0,0,0,0,0,0,0,0,0.112558112570933
"TBC1D4",0,0,0,0,0,0,0,0,0,0,0,0,0,1.52529198835351
"NSL1",0,0,0,0,0,0,0,0,0,0,0,0,0,-6.39342280904911
"MEFV",0,0,0,0,0,0,0,0,0,0,0,0,0,0.0563528712070316
"DCSTAMP",0,0,0,0,0,0,0,0,0,0,0,0,0,-2.73018993878162
"NUP98",0,0,0,0,0,0,0,0,0,0,0,0,0,-0.841768956278206
"NCR3LG1",0,0,0,0,0,0,0,0,0,0,0,0,0,-0.124319454912685
"CD8A",0,0,0,0,0,0,0,0,0,0,0,0,0,-0.569084976081258
"SPA17",0,0,0,0,0,0,0,0,0,0,0,0,0,-2.32544488978124
"DESI2",0,0,0,0,0,0,0,0,0,0,0,0,0,-1.20411699854188
"LOC100506258",0,0,0,0,0,0,0,0,0,0,0,0,0,-1.00811289538456
"PLD3",0,0,0,0,0,0,0,0,0,0,0,0,0,-1.29815257992434
"HMMR",0,0,0,0,0,0,0,0,0,0,0,0,0,-2.18675775630747
"BBS10",0,0,0,0,0,0,0,0,0,0,0,0,0,0.00692810626925282
"RRAS2",0,0,0,0,0,0,0,0,0,0,0,0,0,-1.87442576366365
"GNG2",0,0,0,0,0,1,0,0,0,0,0,0,0,-0.258415327581646
"DDIT4",0,0,0,0,0,0,0,0,0,0,0,0,0,0.278303919936927
"AMFR",0,0,0,0,0,0,0,0,0,0,0,0,0,2.66457149052255
"LMAN1",0,0,0,0,0,0,0,0,0,0,0,0,0,1.57756604693655
"KLHDC8B",0,0,0,0,0,0,0,0,0,0,0,0,0,1.94346655219612
"SLC25A36",0,0,0,0,0,0,0,0,0,0,0,0,0,-0.634677308482136
"MRPS25",0,0,0,0,0,0,0,0,0,0,0,0,0,0.107313480563172
"KRT23",0,0,0,0,0,0,0,0,0,0,0,0,0,-0.643714165166724
"LRCH1",0,0,0,0,0,0,0,0,0,0,0,0,0,6.08184732639557
"ADM",0,0,0,0,0,0,0,0,0,0,0,0,0,0.4178321132091
"LINC01002",0,0,0,0,0,0,0,0,0,0,0,0,0,0.315379610294653
"PPFIBP2",0,0,1,0,1,0,0,0,0,0,0,0,0,1.0613303919845
"NOLC1",0,0,0,0,0,0,0,0,0,0,0,0,0,0.270837225010698
"TNFAIP3",0,0,0,0,0,0,0,0,0,0,0,0,0,0.811393999144874
"ADORA2A",0,0,0,0,0,0,0,0,1,1,1,0,0,0.155222500328536
"ZNF28",0,0,0,0,0,0,0,0,0,0,0,0,0,-1.1447239107622
"IFITM3",0,0,0,0,0,0,0,0,0,0,0,0,0,0.598233495745455
"PLK3",0,0,0,0,0,0,0,0,0,0,0,0,0,-0.994592341322364
"KLHL42",0,0,0,0,0,0,0,0,0,0,0,0,0,-0.423871228750464
"SLAMF7",0,0,0,0,0,0,0,0,0,0,0,0,0,0.723829420959541
"SLC7A5",0,0,0,0,0,0,0,0,0,0,0,0,0,-0.0407505475071836
"LPCAT1",0,0,0,0,0,0,0,0,0,0,0,0,0,0.613001180805533
"PARN",0,0,0,0,0,0,0,0,0,0,0,0,0,0.17597040390245
"PREPL",0,0,0,0,0,0,0,0,0,0,0,1,0,0.310278163809555
"FAM65B",0,0,0,0,0,0,0,0,0,0,0,0,0,0.612148963382497
"GNLY",0,0,0,0,0,0,0,0,0,0,0,0,0,-0.62228103664477
"MAP3K8",0,0,0,0,0,0,0,0,0,0,0,0,0,-0.588049255478989
"ATP1B1",0,0,0,0,0,0,0,0,0,0,0,0,0,4.32430550356512
"MIOS",0,0,0,0,0,0,0,0,0,0,0,0,0,-3.23651270901258
"SULT1B1",0,0,0,0,0,0,0,0,0,0,0,0,0,-0.868924164694327
"ZCCHC6",0,0,0,0,0,0,0,0,0,0,0,0,0,-0.660488220547349
"CLEC4E",0,0,0,0,0,0,0,0,0,0,0,0,0,-0.507509432271966
"IFITM1",0,0,0,0,0,0,0,0,0,0,0,0,0,0.695652823711744
"CLEC2D",0,0,0,0,0,0,0,0,0,0,0,0,0,3.01914773097865
"POLR2M",0,0,0,0,0,0,0,0,0,0,0,0,0,0.352444865689524
"MRPS33",0,0,0,0,0,0,0,0,0,0,0,0,0,0.127616194752453
"BRAF",0,0,0,0,0,0,0,0,0,0,0,0,0,-0.179931930375982
"CDC40",0,0,0,0,0,0,0,0,0,0,0,0,0,1.63022141848668
"RNF19B",0,0,0,0,0,0,0,0,0,0,0,0,0,-10.4784503215178
"FAM162A",0,0,0,0,0,0,0,0,0,0,1,0,0,11.2956971835225
"ZFP69B",0,0,0,0,0,0,0,0,0,0,0,0,0,0.28013756155996
"SLC25A20",0,0,0,0,0,0,0,0,0,0,0,0,0,1.97107145829223
"FPR2",0,0,0,0,0,0,0,0,0,0,0,0,0,-0.118425927832981
"LCP2",0,0,1,0,1,0,0,0,1,1,1,0,0,0.0706764719090119
"TMEM88",0,0,0,0,0,0,0,0,0,0,0,0,0,-0.431395426841476
"C11orf31",0,0,0,0,0,0,0,0,0,0,0,0,0,1.58505952175028
"ETV5",0,0,0,0,0,0,0,0,0,0,0,0,0,-0.641724532685059
"SMCHD1",0,0,0,0,0,0,0,0,0,0,0,0,0,-0.95890957001822
"NINJ1",0,0,0,0,0,0,0,1,0,0,0,0,0,-0.252452952363552
"SPACA6P",0,0,0,0,0,0,0,0,0,0,0,0,0,-0.381372168275905
"PTP4A3",0,0,0,0,0,0,0,0,0,0,0,0,0,-0.897737055591428
"LINC01000",0,0,0,0,0,0,0,0,0,0,0,0,0,0.549196404232694
"HLA-DMB",0,0,0,0,0,0,0,0,0,0,1,0,0,3.85091696633829
"RNF175",0,0,0,0,0,0,0,0,0,0,0,0,0,-0.314961768511977
"SCGB1A1",0,0,0,0,0,0,0,0,0,0,0,0,0,1.92659264892824
"N4BP1",0,0,0,0,0,0,0,0,0,0,0,0,0,0.610096621169743
"LINC01136",0,0,0,0,0,0,0,0,0,0,0,0,0,-0.698367035455268
"ARHGAP26",0,0,0,0,0,0,0,0,0,0,0,0,0,-0.0227963106230853
"MYH10",0,0,0,0,0,0,0,0,0,0,0,0,0,0.929009060969965
"OR2A7",0,0,0,0,0,0,0,0,0,0,0,0,0,-11.9962288935569
"ZNF570",0,0,0,0,0,0,0,0,0,0,0,0,0,0.551658683316277
"IFITM2",0,0,0,0,0,0,0,0,0,0,0,0,0,0.523039703824734
"TBPL1",0,0,0,0,0,0,0,0,0,0,0,0,0,3.27616119058197
"CD300LF",0,0,0,0,0,0,0,0,0,0,0,0,0,-55.2725906456415
"ETFA",0,0,0,0,0,0,0,0,0,0,0,0,0,-3.56382059160116
"CXCR1",0,0,0,0,0,0,0,0,0,0,0,0,0,0.511268226989467
"FTSJ2",1,1,0,1,0,1,0,0,0,0,0,0,0,7.36016552600857
"PHF19",0,0,0,0,0,0,0,0,0,0,0,0,0,5.47293258870819
"CYB5D1",0,0,0,0,0,0,0,0,0,0,0,0,0,6.29996548153241
"RLF",0,0,0,0,0,0,0,0,0,0,0,0,0,-0.906920780821723
"LIPA",0,0,0,0,0,0,0,0,0,0,0,0,0,2.45332166583223
"FAM135A",0,0,0,0,0,0,0,0,0,0,0,0,0,-2.85408162133256
"ANTXR2",0,0,0,0,0,0,0,0,0,0,0,0,0,0.123084106265795
"KCNJ15",0,0,0,0,0,0,0,0,0,0,0,0,0,0.394313561225424
"MRPL57",0,0,0,0,0,0,0,0,0,0,0,0,0,1.41085746833218
"LIMK2",0,0,0,0,0,0,0,0,0,0,0,0,0,-0.941296068740223
"SORD",0,0,0,0,0,0,0,0,0,0,0,0,0,0.595312192162148
"LOC388210",0,0,0,0,0,0,0,0,0,0,0,0,0,0.37005782339508
"NLRP2",0,0,0,0,0,0,0,0,0,0,0,0,0,-0.154038772725554
"CD177",0,0,0,0,0,0,0,0,0,0,0,0,0,0.684598311192988
"LINC01093",0,0,0,0,0,0,0,0,0,0,0,0,0,-0.586532702256455
