	t.test	welch.test	wilcox.test	f.test	kruskal.test	limma	rfe	rf	lasso	elasticnet	boosting	golub	shrinkcat	foldChange	sum
LCP2	0	0	1	0	1	0	0	0	1	1	1	0	0	0.070676472	5
ATG2A	1	1	0	1	1	0	0	0	0	0	0	0	0	-0.015433791	4
ZKSCAN8	1	1	1	1	0	0	0	0	0	0	0	0	0	2.297124725	4
FTSJ2	1	1	0	1	0	1	0	0	0	0	0	0	0	7.360165526	4
BTG1	0	0	0	0	0	0	0	1	1	0	1	0	0	0.212585447	3
ADORA2A	0	0	0	0	0	0	0	0	1	1	1	0	0	0.1552225	3
ARHGAP1	1	0	0	1	0	0	0	0	0	0	0	0	0	-1.123176857	2
REL	1	0	0	1	0	0	0	0	0	0	0	0	0	0.469702675	2
SCARB2	1	0	0	1	0	0	0	0	0	0	0	0	0	-8.968688579	2
MGAM	1	0	0	1	0	0	0	0	0	0	0	0	0	-0.969168662	2
UMPS	0	0	1	0	1	0	0	0	0	0	0	0	0	0.679818164	2
TGOLN2	0	0	0	0	0	0	0	0	0	1	1	0	0	-4.171534363	2
ADAM10	0	0	0	0	1	1	0	0	0	0	0	0	0	2.44523993	2
FLOT1	0	0	1	0	1	0	0	0	0	0	0	0	0	-0.430862594	2
PPFIBP2	0	0	1	0	1	0	0	0	0	0	0	0	0	1.061330392	2
IL1RL1	0	0	0	0	0	0	0	0	0	0	0	1	0	-1.118741049	1
BIRC3	0	0	0	0	0	0	0	0	0	0	0	0	1	-8.860145054	1
RNF146	0	0	0	0	0	1	0	0	0	0	0	0	0	-3.516106096	1
TLR7	0	0	0	0	1	0	0	0	0	0	0	0	0	1.6160642	1
UTRN	0	0	0	0	0	1	0	0	0	0	0	0	0	-0.098128175	1
GTF2H2B	0	1	0	0	0	0	0	0	0	0	0	0	0	-4.107634948	1
SCOC	0	0	1	0	0	0	0	0	0	0	0	0	0	1.982288072	1
TBC1D2B	0	1	0	0	0	0	0	0	0	0	0	0	0	-9.834133026	1
PLBD1	0	0	0	0	0	0	0	0	0	0	0	1	0	3.701609859	1
HN1	0	1	0	0	0	0	0	0	0	0	0	0	0	0.31127255	1
GINM1	0	0	0	0	0	1	0	0	0	0	0	0	0	-1.628765695	1
BRCC3	0	0	0	0	0	0	0	0	0	0	0	1	0	-3.752189898	1
PCCA	0	0	0	0	0	0	0	1	0	0	0	0	0	-2.527656779	1
NT5DC1	0	0	0	0	0	0	0	0	0	0	0	1	0	-0.044677978	1
CR1	0	0	0	0	0	0	0	0	0	0	0	0	1	-0.457912514	1
MARCKSL1	0	0	0	0	0	1	0	0	0	0	0	0	0	-0.648974875	1
SLC25A37	0	1	0	0	0	0	0	0	0	0	0	0	0	0.285615544	1
TTC7A	0	0	0	0	0	0	0	0	0	0	0	1	0	0.973928856	1
SAMSN1	0	0	0	0	0	0	0	0	0	0	1	0	0	0.041328343	1
GNG2	0	0	0	0	0	1	0	0	0	0	0	0	0	-0.258415328	1
PREPL	0	0	0	0	0	0	0	0	0	0	0	1	0	0.310278164	1
FAM162A	0	0	0	0	0	0	0	0	0	0	1	0	0	11.29569718	1
NINJ1	0	0	0	0	0	0	0	1	0	0	0	0	0	-0.252452952	1
HLA-DMB	0	0	0	0	0	0	0	0	0	0	1	0	0	3.850916966	1
CLC	0	0	0	0	0	0	0	0	0	0	0	0	0	-2.245382183	0
CPA3	0	0	0	0	0	0	0	0	0	0	0	0	0	-2.486540876	0
GNA15	0	0	0	0	0	0	0	0	0	0	0	0	0	-50.72634751	0
PRSS33	0	0	0	0	0	0	0	0	0	0	0	0	0	-1.564237043	0
CRLF2	0	0	0	0	0	0	0	0	0	0	0	0	0	-0.190368252	0
CCL22	0	0	0	0	0	0	0	0	0	0	0	0	0	-0.369137382	0
GATA2	0	0	0	0	0	0	0	0	0	0	0	0	0	-0.495473385	0
ALOX15	0	0	0	0	0	0	0	0	0	0	0	0	0	-3.803578137	0
VEGFA	0	0	0	0	0	0	0	0	0	0	0	0	0	0.347511858	0
CCL17	0	0	0	0	0	0	0	0	0	0	0	0	0	-6.410545232	0
SATB1	0	0	0	0	0	0	0	0	0	0	0	0	0	-0.372986724	0
SOCS2	0	0	0	0	0	0	0	0	0	0	0	0	0	-2.226792727	0
SMOX	0	0	0	0	0	0	0	0	0	0	0	0	0	-0.66684925	0
LOC101927770	0	0	0	0	0	0	0	0	0	0	0	0	0	0.318394311	0
TARP	0	0	0	0	0	0	0	0	0	0	0	0	0	2.523052702	0
CISH	0	0	0	0	0	0	0	0	0	0	0	0	0	-3.436751359	0
BST1	0	0	0	0	0	0	0	0	0	0	0	0	0	0.549128331	0
HELZ	0	0	0	0	0	0	0	0	0	0	0	0	0	0.78852889	0
GPR183	0	0	0	0	0	0	0	0	0	0	0	0	0	-0.249189173	0
FECH	0	0	0	0	0	0	0	0	0	0	0	0	0	-1.227454352	0
RFTN1	0	0	0	0	0	0	0	0	0	0	0	0	0	-3.798941807	0
FCER1A	0	0	0	0	0	0	0	0	0	0	0	0	0	-0.687002354	0
CCR7	0	0	0	0	0	0	0	0	0	0	0	0	0	-0.091357986	0
FAM118A	0	0	0	0	0	0	0	0	0	0	0	0	0	0.105008205	0
GLCCI1	0	0	0	0	0	0	0	0	0	0	0	0	0	0.839600403	0
LGALS12	0	0	0	0	0	0	0	0	0	0	0	0	0	-1.890216462	0
RUNX3	0	0	0	0	0	0	0	0	0	0	0	0	0	-0.480327243	0
NDFIP1	0	0	0	0	0	0	0	0	0	0	0	0	0	1.349832827	0
CTSS	0	0	0	0	0	0	0	0	0	0	0	0	0	-3.058953857	0
MMP19	0	0	0	0	0	0	0	0	0	0	0	0	0	3.681512449	0
LOC101060424	0	0	0	0	0	0	0	0	0	0	0	0	0	-3.889605552	0
NLRC4	0	0	0	0	0	0	0	0	0	0	0	0	0	0.890577867	0
TRGC2	0	0	0	0	0	0	0	0	0	0	0	0	0	4.758011994	0
COA7	0	0	0	0	0	0	0	0	0	0	0	0	0	0.755940804	0
ZFYVE21	0	0	0	0	0	0	0	0	0	0	0	0	0	-1.748331589	0
CYLD	0	0	0	0	0	0	0	0	0	0	0	0	0	0.549025068	0
KIF21B	0	0	0	0	0	0	0	0	0	0	0	0	0	-0.954614282	0
TRGV9	0	0	0	0	0	0	0	0	0	0	0	0	0	16.2278475	0
C21orf91-OT1	0	0	0	0	0	0	0	0	0	0	0	0	0	0.265135066	0
TRAPPC12	0	0	0	0	0	0	0	0	0	0	0	0	0	0.430725961	0
XRCC5	0	0	0	0	0	0	0	0	0	0	0	0	0	4.178892111	0
CD207	0	0	0	0	0	0	0	0	0	0	0	0	0	-1.867949564	0
TIPRL	0	0	0	0	0	0	0	0	0	0	0	0	0	-1.424771184	0
DUSP4	0	0	0	0	0	0	0	0	0	0	0	0	0	-0.413860267	0
ATP2A3	0	0	0	0	0	0	0	0	0	0	0	0	0	-1.359937968	0
HAUS1	0	0	0	0	0	0	0	0	0	0	0	0	0	-1.197170457	0
MEIS3P1	0	0	0	0	0	0	0	0	0	0	0	0	0	1.578809886	0
ADORA3	0	0	0	0	0	0	0	0	0	0	0	0	0	0.489538986	0
ICOSLG	0	0	0	0	0	0	0	0	0	0	0	0	0	0.597982352	0
RASAL3	0	0	0	0	0	0	0	0	0	0	0	0	0	-4.004964544	0
UBA3	0	0	0	0	0	0	0	0	0	0	0	0	0	1.139497075	0
IL18R1	0	0	0	0	0	0	0	0	0	0	0	0	0	0.228646104	0
DAD1	0	0	0	0	0	0	0	0	0	0	0	0	0	3040.921507	0
SMG1P5	0	0	0	0	0	0	0	0	0	0	0	0	0	-1.307295317	0
DNAJB1	0	0	0	0	0	0	0	0	0	0	0	0	0	-0.370626417	0
COL4A3BP	0	0	0	0	0	0	0	0	0	0	0	0	0	1.239392339	0
CD1E	0	0	0	0	0	0	0	0	0	0	0	0	0	-0.378788211	0
TRAF1	0	0	0	0	0	0	0	0	0	0	0	0	0	0.931704843	0
VSTM1	0	0	0	0	0	0	0	0	0	0	0	0	0	0.677747503	0
PQLC3	0	0	0	0	0	0	0	0	0	0	0	0	0	1.419888869	0
SIGLEC7	0	0	0	0	0	0	0	0	0	0	0	0	0	0.837903314	0
TES	0	0	0	0	0	0	0	0	0	0	0	0	0	-0.250502341	0
TTYH2	0	0	0	0	0	0	0	0	0	0	0	0	0	0.012258006	0
STX7	0	0	0	0	0	0	0	0	0	0	0	0	0	-1.008591735	0
SOCS1	0	0	0	0	0	0	0	0	0	0	0	0	0	-1.486421225	0
CCNYL1	0	0	0	0	0	0	0	0	0	0	0	0	0	0.897534147	0
CAMP	0	0	0	0	0	0	0	0	0	0	0	0	0	34.02842702	0
PTPRCAP	0	0	0	0	0	0	0	0	0	0	0	0	0	-0.202812357	0
GNB4	0	0	0	0	0	0	0	0	0	0	0	0	0	-0.01157548	0
STAC3	0	0	0	0	0	0	0	0	0	0	0	0	0	0.506490308	0
ASXL1	0	0	0	0	0	0	0	0	0	0	0	0	0	3.489065389	0
ARPC3	0	0	0	0	0	0	0	0	0	0	0	0	0	1.829770359	0
ADAM19	0	0	0	0	0	0	0	0	0	0	0	0	0	-1.048832686	0
CD1C	0	0	0	0	0	0	0	0	0	0	0	0	0	-1.911929276	0
PTBP3	0	0	0	0	0	0	0	0	0	0	0	0	0	0.123562343	0
ETS1	0	0	0	0	0	0	0	0	0	0	0	0	0	-1.15969877	0
GPR171	0	0	0	0	0	0	0	0	0	0	0	0	0	0.396908448	0
GGT5	0	0	0	0	0	0	0	0	0	0	0	0	0	-0.191903413	0
HRH4	0	0	0	0	0	0	0	0	0	0	0	0	0	-5.986511075	0
BANK1	0	0	0	0	0	0	0	0	0	0	0	0	0	0.172962408	0
THBS1	0	0	0	0	0	0	0	0	0	0	0	0	0	0.302072116	0
IL2RA	0	0	0	0	0	0	0	0	0	0	0	0	0	0.251842946	0
RNPEP	0	0	0	0	0	0	0	0	0	0	0	0	0	-6.944325577	0
TRAM1	0	0	0	0	0	0	0	0	0	0	0	0	0	-3.437476598	0
ANKRD10	0	0	0	0	0	0	0	0	0	0	0	0	0	0.125352011	0
LINC01094	0	0	0	0	0	0	0	0	0	0	0	0	0	-0.063489874	0
BTBD19	0	0	0	0	0	0	0	0	0	0	0	0	0	-0.129123699	0
ADAM1A	0	0	0	0	0	0	0	0	0	0	0	0	0	-0.247464841	0
COPG1	0	0	0	0	0	0	0	0	0	0	0	0	0	-1.298022921	0
PAQR8	0	0	0	0	0	0	0	0	0	0	0	0	0	-1.173694074	0
C8orf60	0	0	0	0	0	0	0	0	0	0	0	0	0	0.236308397	0
TPSB2	0	0	0	0	0	0	0	0	0	0	0	0	0	-0.904618976	0
ETS2	0	0	0	0	0	0	0	0	0	0	0	0	0	-0.169518674	0
FCF1	0	0	0	0	0	0	0	0	0	0	0	0	0	5.387437789	0
C11orf49	0	0	0	0	0	0	0	0	0	0	0	0	0	-1.276690265	0
ANKRD44-IT1	0	0	0	0	0	0	0	0	0	0	0	0	0	0.569754853	0
XPNPEP3	0	0	0	0	0	0	0	0	0	0	0	0	0	-1.931167902	0
TP53	0	0	0	0	0	0	0	0	0	0	0	0	0	8.07949025	0
OTOA	0	0	0	0	0	0	0	0	0	0	0	0	0	12.56006563	0
MAGOHB	0	0	0	0	0	0	0	0	0	0	0	0	0	-3.162352558	0
BROX	0	0	0	0	0	0	0	0	0	0	0	0	0	11.19489613	0
PPP3R1	0	0	0	0	0	0	0	0	0	0	0	0	0	0.947870456	0
COQ2	0	0	0	0	0	0	0	0	0	0	0	0	0	-0.016785474	0
CSTA	0	0	0	0	0	0	0	0	0	0	0	0	0	21.68058684	0
ZNF610	0	0	0	0	0	0	0	0	0	0	0	0	0	-1.352060267	0
CUL2	0	0	0	0	0	0	0	0	0	0	0	0	0	-19.17867145	0
IRF4	0	0	0	0	0	0	0	0	0	0	0	0	0	-0.719192091	0
TMEM120A	0	0	0	0	0	0	0	0	0	0	0	0	0	0.423283081	0
ITM2A	0	0	0	0	0	0	0	0	0	0	0	0	0	0.313642716	0
C5orf22	0	0	0	0	0	0	0	0	0	0	0	0	0	-4.782300066	0
SUMO1	0	0	0	0	0	0	0	0	0	0	0	0	0	-0.283383403	0
PRDX3	0	0	0	0	0	0	0	0	0	0	0	0	0	9.254598989	0
LOC284454	0	0	0	0	0	0	0	0	0	0	0	0	0	0.968724281	0
C2CD5	0	0	0	0	0	0	0	0	0	0	0	0	0	-2.368782522	0
FLJ37453	0	0	0	0	0	0	0	0	0	0	0	0	0	38.62663362	0
EXTL2	0	0	0	0	0	0	0	0	0	0	0	0	0	3.38586633	0
DCN	0	0	0	0	0	0	0	0	0	0	0	0	0	-1.015139968	0
FAM101B	0	0	0	0	0	0	0	0	0	0	0	0	0	-0.330122172	0
ERN1	0	0	0	0	0	0	0	0	0	0	0	0	0	-0.338852048	0
LOC100130264	0	0	0	0	0	0	0	0	0	0	0	0	0	-0.687266938	0
SLC7A11	0	0	0	0	0	0	0	0	0	0	0	0	0	19.12890726	0
PRKCZ	0	0	0	0	0	0	0	0	0	0	0	0	0	0.575664347	0
SH2D2A	0	0	0	0	0	0	0	0	0	0	0	0	0	0.705875561	0
PDE2A	0	0	0	0	0	0	0	0	0	0	0	0	0	-0.542053127	0
SLC16A10	0	0	0	0	0	0	0	0	0	0	0	0	0	1.762018239	0
MAP3K1	0	0	0	0	0	0	0	0	0	0	0	0	0	0.697207074	0
FRMD4B	0	0	0	0	0	0	0	0	0	0	0	0	0	-0.806765159	0
MARS2	0	0	0	0	0	0	0	0	0	0	0	0	0	8.392925475	0
DNAJC19	0	0	0	0	0	0	0	0	0	0	0	0	0	-4.01864237	0
FAM57A	0	0	0	0	0	0	0	0	0	0	0	0	0	-0.932652181	0
HIF1A	0	0	0	0	0	0	0	0	0	0	0	0	0	0.521709658	0
Mar-01	0	0	0	0	0	0	0	0	0	0	0	0	0	-0.143336997	0
LSM6	0	0	0	0	0	0	0	0	0	0	0	0	0	-7.489188152	0
ZYG11B	0	0	0	0	0	0	0	0	0	0	0	0	0	1.148143058	0
ZCRB1	0	0	0	0	0	0	0	0	0	0	0	0	0	-4.60628293	0
ACAA1	0	0	0	0	0	0	0	0	0	0	0	0	0	0.113045773	0
P2RY10	0	0	0	0	0	0	0	0	0	0	0	0	0	1.263825955	0
SLC35F5	0	0	0	0	0	0	0	0	0	0	0	0	0	1.101362293	0
RNF135	0	0	0	0	0	0	0	0	0	0	0	0	0	3.710306477	0
CCR3	0	0	0	0	0	0	0	0	0	0	0	0	0	-0.170641911	0
ADAT2	0	0	0	0	0	0	0	0	0	0	0	0	0	0.168671395	0
PDIA6	0	0	0	0	0	0	0	0	0	0	0	0	0	4.57752618	0
LOC286052	0	0	0	0	0	0	0	0	0	0	0	0	0	0.256377024	0
CCDC115	0	0	0	0	0	0	0	0	0	0	0	0	0	-1.895153851	0
SFMBT2	0	0	0	0	0	0	0	0	0	0	0	0	0	-0.24747108	0
WNT5A	0	0	0	0	0	0	0	0	0	0	0	0	0	-3.300049592	0
FBXO3	0	0	0	0	0	0	0	0	0	0	0	0	0	-0.75923012	0
ZFYVE26	0	0	0	0	0	0	0	0	0	0	0	0	0	0.963536841	0
DNM2	0	0	0	0	0	0	0	0	0	0	0	0	0	-1.63630801	0
NFKBIE	0	0	0	0	0	0	0	0	0	0	0	0	0	-0.196736842	0
CD300LB	0	0	0	0	0	0	0	0	0	0	0	0	0	-0.115705336	0
SRFBP1	0	0	0	0	0	0	0	0	0	0	0	0	0	2.011825153	0
ANPEP	0	0	0	0	0	0	0	0	0	0	0	0	0	1.677854695	0
GCSH	0	0	0	0	0	0	0	0	0	0	0	0	0	1.058203344	0
LOC541473	0	0	0	0	0	0	0	0	0	0	0	0	0	-0.917365905	0
SUCLG2	0	0	0	0	0	0	0	0	0	0	0	0	0	-4.132734903	0
KIT	0	0	0	0	0	0	0	0	0	0	0	0	0	-0.051652302	0
FCGR3B	0	0	0	0	0	0	0	0	0	0	0	0	0	-0.108846696	0
KCNJ13	0	0	0	0	0	0	0	0	0	0	0	0	0	0.440134314	0
SPAG5-AS1	0	0	0	0	0	0	0	0	0	0	0	0	0	-1.337618563	0
ZNF587B	0	0	0	0	0	0	0	0	0	0	0	0	0	9.457273305	0
FCER2	0	0	0	0	0	0	0	0	0	0	0	0	0	-0.08337262	0
LENG8	0	0	0	0	0	0	0	0	0	0	0	0	0	-3.928481468	0
SAMD9L	0	0	0	0	0	0	0	0	0	0	0	0	0	0.94630484	0
LY96	0	0	0	0	0	0	0	0	0	0	0	0	0	0.103167831	0
PPP1R14A	0	0	0	0	0	0	0	0	0	0	0	0	0	3.148335086	0
SYMPK	0	0	0	0	0	0	0	0	0	0	0	0	0	5.186747587	0
IL3RA	0	0	0	0	0	0	0	0	0	0	0	0	0	-1.252871493	0
FLVCR1	0	0	0	0	0	0	0	0	0	0	0	0	0	-0.992521179	0
MMP10	0	0	0	0	0	0	0	0	0	0	0	0	0	8.551429821	0
MMP12	0	0	0	0	0	0	0	0	0	0	0	0	0	-3.129226057	0
SIAH2	0	0	0	0	0	0	0	0	0	0	0	0	0	-0.015668246	0
FCGR1B	0	0	0	0	0	0	0	0	0	0	0	0	0	0.498509632	0
TLR1	0	0	0	0	0	0	0	0	0	0	0	0	0	-0.37434272	0
IFI16	0	0	0	0	0	0	0	0	0	0	0	0	0	0.992651181	0
NR4A1	0	0	0	0	0	0	0	0	0	0	0	0	0	0.162823765	0
GPR42	0	0	0	0	0	0	0	0	0	0	0	0	0	-1.79782332	0
RNA45S5	0	0	0	0	0	0	0	0	0	0	0	0	0	0.595991258	0
CD1B	0	0	0	0	0	0	0	0	0	0	0	0	0	1.393661437	0
RBM47	0	0	0	0	0	0	0	0	0	0	0	0	0	0.13900741	0
KMT2A	0	0	0	0	0	0	0	0	0	0	0	0	0	-13.68811806	0
CD24	0	0	0	0	0	0	0	0	0	0	0	0	0	-3.578718043	0
CASP4	0	0	0	0	0	0	0	0	0	0	0	0	0	-0.24438975	0
TPSAB1	0	0	0	0	0	0	0	0	0	0	0	0	0	-0.46960627	0
DNASE1L3	0	0	0	0	0	0	0	0	0	0	0	0	0	-5.503764715	0
EPN2-AS1	0	0	0	0	0	0	0	0	0	0	0	0	0	-1.869793801	0
GIMAP4	0	0	0	0	0	0	0	0	0	0	0	0	0	-0.256198109	0
TLR8	0	0	0	0	0	0	0	0	0	0	0	0	0	-0.196666821	0
F13A1	0	0	0	0	0	0	0	0	0	0	0	0	0	-0.812143057	0
PJA2	0	0	0	0	0	0	0	0	0	0	0	0	0	0.916046539	0
UGT2B28	0	0	0	0	0	0	0	0	0	0	0	0	0	-2.967944203	0
FCGR1A	0	0	0	0	0	0	0	0	0	0	0	0	0	0.696978698	0
S100A8	0	0	0	0	0	0	0	0	0	0	0	0	0	-0.253121913	0
RRN3P2	0	0	0	0	0	0	0	0	0	0	0	0	0	0.035624558	0
NFKBID	0	0	0	0	0	0	0	0	0	0	0	0	0	-0.338434385	0
TRIM22	0	0	0	0	0	0	0	0	0	0	0	0	0	0.55999695	0
HSD17B11	0	0	0	0	0	0	0	0	0	0	0	0	0	-0.530166927	0
UBE2D1	0	0	0	0	0	0	0	0	0	0	0	0	0	0.534387385	0
CD1A	0	0	0	0	0	0	0	0	0	0	0	0	0	-0.106046581	0
MNDA	0	0	0	0	0	0	0	0	0	0	0	0	0	0.398340893	0
DIDO1	0	0	0	0	0	0	0	0	0	0	0	0	0	9.218545509	0
SLA	0	0	0	0	0	0	0	0	0	0	0	0	0	-0.139042316	0
CTNS	0	0	0	0	0	0	0	0	0	0	0	0	0	-5.846626239	0
MAPK14	0	0	0	0	0	0	0	0	0	0	0	0	0	-1.047888363	0
NR4A3	0	0	0	0	0	0	0	0	0	0	0	0	0	-0.310574301	0
MORC3	0	0	0	0	0	0	0	0	0	0	0	0	0	0.975906053	0
MSL2	0	0	0	0	0	0	0	0	0	0	0	0	0	3.364511026	0
IFIT3	0	0	0	0	0	0	0	0	0	0	0	0	0	0.037650143	0
PALLD	0	0	0	0	0	0	0	0	0	0	0	0	0	-1.569356618	0
SNX18	0	0	0	0	0	0	0	0	0	0	0	0	0	-0.134870712	0
CYSLTR2	0	0	0	0	0	0	0	0	0	0	0	0	0	-0.872840295	0
PSMB9	0	0	0	0	0	0	0	0	0	0	0	0	0	0.263046532	0
PARP9	0	0	0	0	0	0	0	0	0	0	0	0	0	0.448635123	0
NUB1	0	0	0	0	0	0	0	0	0	0	0	0	0	0.066873657	0
SBF2	0	0	0	0	0	0	0	0	0	0	0	0	0	-0.148611127	0
CLIC4	0	0	0	0	0	0	0	0	0	0	0	0	0	-2.099456342	0
POLR2J4	0	0	0	0	0	0	0	0	0	0	0	0	0	-2.156332262	0
S100A9	0	0	0	0	0	0	0	0	0	0	0	0	0	-0.54803144	0
TLR4	0	0	0	0	0	0	0	0	0	0	0	0	0	0.436715644	0
STARD4	0	0	0	0	0	0	0	0	0	0	0	0	0	-0.296583751	0
FHL3	0	0	0	0	0	0	0	0	0	0	0	0	0	-3.259118559	0
TANC2	0	0	0	0	0	0	0	0	0	0	0	0	0	0.322527754	0
CTBS	0	0	0	0	0	0	0	0	0	0	0	0	0	0.38874569	0
DPH1	0	0	0	0	0	0	0	0	0	0	0	0	0	-0.976614785	0
AREG	0	0	0	0	0	0	0	0	0	0	0	0	0	-0.08027832	0
IFIT2	0	0	0	0	0	0	0	0	0	0	0	0	0	-0.507724073	0
ARHGEF3	0	0	0	0	0	0	0	0	0	0	0	0	0	3.287488281	0
OLIG2	0	0	0	0	0	0	0	0	0	0	0	0	0	-51.7157176	0
ACSL1	0	0	0	0	0	0	0	0	0	0	0	0	0	-0.348084179	0
NMI	0	0	0	0	0	0	0	0	0	0	0	0	0	0.000239151	0
DACH1	0	0	0	0	0	0	0	0	0	0	0	0	0	-1.488116881	0
CSF1	0	0	0	0	0	0	0	0	0	0	0	0	0	1.554973377	0
WDFY3	0	0	0	0	0	0	0	0	0	0	0	0	0	-0.755499029	0
TLR6	0	0	0	0	0	0	0	0	0	0	0	0	0	-0.603064598	0
CASP5	0	0	0	0	0	0	0	0	0	0	0	0	0	-0.371788942	0
PNPLA6	0	0	0	0	0	0	0	0	0	0	0	0	0	-2.282566853	0
CPEB4	0	0	0	0	0	0	0	0	0	0	0	0	0	-0.457691244	0
VAV1	0	0	0	0	0	0	0	0	0	0	0	0	0	0.828403127	0
CARD16	0	0	0	0	0	0	0	0	0	0	0	0	0	-0.059023581	0
FAM129A	0	0	0	0	0	0	0	0	0	0	0	0	0	0.776440439	0
GIMAP2	0	0	0	0	0	0	0	0	0	0	0	0	0	-8.091546687	0
HMG20B	0	0	0	0	0	0	0	0	0	0	0	0	0	-0.546408457	0
ABHD3	0	0	0	0	0	0	0	0	0	0	0	0	0	-0.571448962	0
S1PR1	0	0	0	0	0	0	0	0	0	0	0	0	0	0.236867404	0
LAP3	0	0	0	0	0	0	0	0	0	0	0	0	0	0.867594684	0
LOC100505812	0	0	0	0	0	0	0	0	0	0	0	0	0	-0.095122306	0
TMLHE	0	0	0	0	0	0	0	0	0	0	0	0	0	-0.232886003	0
ARL4C	0	0	0	0	0	0	0	0	0	0	0	0	0	5.837891776	0
KRCC1	0	0	0	0	0	0	0	0	0	0	0	0	0	-0.382698879	0
CREB5	0	0	0	0	0	0	0	0	0	0	0	0	0	-0.535742798	0
YES1	0	0	0	0	0	0	0	0	0	0	0	0	0	1.26740144	0
RNF149	0	0	0	0	0	0	0	0	0	0	0	0	0	-0.927945869	0
ZNF395	0	0	0	0	0	0	0	0	0	0	0	0	0	-0.406048705	0
SIGLEC5	0	0	0	0	0	0	0	0	0	0	0	0	0	0.478858149	0
ACN9	0	0	0	0	0	0	0	0	0	0	0	0	0	3.405077011	0
CLEC4D	0	0	0	0	0	0	0	0	0	0	0	0	0	0.352489807	0
JARID2-AS1	0	0	0	0	0	0	0	0	0	0	0	0	0	0.024618077	0
PKIB	0	0	0	0	0	0	0	0	0	0	0	0	0	0.08489185	0
HERC5	0	0	0	0	0	0	0	0	0	0	0	0	0	-0.118102396	0
SYNE1	0	0	0	0	0	0	0	0	0	0	0	0	0	-0.399301174	0
CXCL10	0	0	0	0	0	0	0	0	0	0	0	0	0	2.327786897	0
RBM7	0	0	0	0	0	0	0	0	0	0	0	0	0	0.053601771	0
AP3M1	0	0	0	0	0	0	0	0	0	0	0	0	0	1.527137947	0
IGLC1	0	0	0	0	0	0	0	0	0	0	0	0	0	-0.301820117	0
TRIM5	0	0	0	0	0	0	0	0	0	0	0	0	0	-0.524527408	0
FAM160B1	0	0	0	0	0	0	0	0	0	0	0	0	0	-0.020987971	0
CASP1	0	0	0	0	0	0	0	0	0	0	0	0	0	0.046156473	0
STK3	0	0	0	0	0	0	0	0	0	0	0	0	0	0.037391808	0
CDC73	0	0	0	0	0	0	0	0	0	0	0	0	0	2.123715866	0
GAPT	0	0	0	0	0	0	0	0	0	0	0	0	0	-0.638832386	0
CLOCK	0	0	0	0	0	0	0	0	0	0	0	0	0	-5.985812945	0
TNFSF10	0	0	0	0	0	0	0	0	0	0	0	0	0	-0.119709255	0
CST1	0	0	0	0	0	0	0	0	0	0	0	0	0	0.031113871	0
CPPED1	0	0	0	0	0	0	0	0	0	0	0	0	0	0.38670466	0
NDFIP2	0	0	0	0	0	0	0	0	0	0	0	0	0	-13.46120897	0
PDCD2	0	0	0	0	0	0	0	0	0	0	0	0	0	-4.926637495	0
ASAP1-IT1	0	0	0	0	0	0	0	0	0	0	0	0	0	1.045629616	0
SPG11	0	0	0	0	0	0	0	0	0	0	0	0	0	1.401738709	0
POC1B	0	0	0	0	0	0	0	0	0	0	0	0	0	-2.694346197	0
KLHL15	0	0	0	0	0	0	0	0	0	0	0	0	0	-0.299882919	0
NAIP	0	0	0	0	0	0	0	0	0	0	0	0	0	-0.154725199	0
LOC101927066	0	0	0	0	0	0	0	0	0	0	0	0	0	-0.280996835	0
IFIH1	0	0	0	0	0	0	0	0	0	0	0	0	0	-0.061029567	0
MIR142	0	0	0	0	0	0	0	0	0	0	0	0	0	-2.554373183	0
OAS1	0	0	0	0	0	0	0	0	0	0	0	0	0	-4.16688585	0
UTP11L	0	0	0	0	0	0	0	0	0	0	0	0	0	1.280024275	0
APOL3	0	0	0	0	0	0	0	0	0	0	0	0	0	0.270972774	0
ATAD2B	0	0	0	0	0	0	0	0	0	0	0	0	0	1.113326084	0
IL6ST	0	0	0	0	0	0	0	0	0	0	0	0	0	0.69975995	0
RAB11FIP3	0	0	0	0	0	0	0	0	0	0	0	0	0	-0.686865905	0
GADD45A	0	0	0	0	0	0	0	0	0	0	0	0	0	3.41132809	0
CXCR2	0	0	0	0	0	0	0	0	0	0	0	0	0	0.705532523	0
SPATA13	0	0	0	0	0	0	0	0	0	0	0	0	0	0.099487327	0
PARP8	0	0	0	0	0	0	0	0	0	0	0	0	0	0.35236446	0
IGLV@	0	0	0	0	0	0	0	0	0	0	0	0	0	-0.294075898	0
OAS3	0	0	0	0	0	0	0	0	0	0	0	0	0	1.0251268	0
MSRB1	0	0	0	0	0	0	0	0	0	0	0	0	0	0.428390003	0
SLC7A11-AS1	0	0	0	0	0	0	0	0	0	0	0	0	0	-0.970760182	0
MRVI1	0	0	0	0	0	0	0	0	0	0	0	0	0	-0.495626979	0
PIGK	0	0	0	0	0	0	0	0	0	0	0	0	0	-1.415123777	0
VNN2	0	0	0	0	0	0	0	0	0	0	0	0	0	0.559204565	0
NSUN7	0	0	0	0	0	0	0	0	0	0	0	0	0	0.049633682	0
PTPN7	0	0	0	0	0	0	0	0	0	0	0	0	0	0.188972176	0
UGCG	0	0	0	0	0	0	0	0	0	0	0	0	0	5.87099266	0
BPIFB1	0	0	0	0	0	0	0	0	0	0	0	0	0	-1.618316451	0
BAZ1A	0	0	0	0	0	0	0	0	0	0	0	0	0	0.294861659	0
FGFR1OP2	0	0	0	0	0	0	0	0	0	0	0	0	0	-7.017604006	0
GZMB	0	0	0	0	0	0	0	0	0	0	0	0	0	-5.923022592	0
KLRC4-KLRK1	0	0	0	0	0	0	0	0	0	0	0	0	0	3.58176205	0
LOC158402	0	0	0	0	0	0	0	0	0	0	0	0	0	-12.33335655	0
OR4F3	0	0	0	0	0	0	0	0	0	0	0	0	0	-0.410013601	0
LRRC8D	0	0	0	0	0	0	0	0	0	0	0	0	0	-3.964215961	0
CD93	0	0	0	0	0	0	0	0	0	0	0	0	0	-0.973335074	0
DENND5B	0	0	0	0	0	0	0	0	0	0	0	0	0	0.622487618	0
AMELX	0	0	0	0	0	0	0	0	0	0	0	0	0	-0.221112309	0
R3HCC1	0	0	0	0	0	0	0	0	0	0	0	0	0	-5.356164435	0
LOC100506860	0	0	0	0	0	0	0	0	0	0	0	0	0	-0.265339948	0
GORASP2	0	0	0	0	0	0	0	0	0	0	0	0	0	7.200242957	0
PRF1	0	0	0	0	0	0	0	0	0	0	0	0	0	0.300392991	0
NFAT5	0	0	0	0	0	0	0	0	0	0	0	0	0	4.235753134	0
UNC5B	0	0	0	0	0	0	0	0	0	0	0	0	0	-1.2504962	0
CDR1	0	0	0	0	0	0	0	0	0	0	0	0	0	7.900451705	0
CLPTM1	0	0	0	0	0	0	0	0	0	0	0	0	0	0.091020062	0
LRP5L	0	0	0	0	0	0	0	0	0	0	0	0	0	0.217414718	0
IL1R2	0	0	0	0	0	0	0	0	0	0	0	0	0	0.526436194	0
NELFCD	0	0	0	0	0	0	0	0	0	0	0	0	0	4.456920153	0
DPY19L1	0	0	0	0	0	0	0	0	0	0	0	0	0	1.922118233	0
TREML2	0	0	0	0	0	0	0	0	0	0	0	0	0	0.595723197	0
LINC01366	0	0	0	0	0	0	0	0	0	0	0	0	0	0.550488422	0
REPS2	0	0	0	0	0	0	0	0	0	0	0	0	0	-0.88514646	0
FLJ44896	0	0	0	0	0	0	0	0	0	0	0	0	0	5.287570581	0
IL18RAP	0	0	0	0	0	0	0	0	0	0	0	0	0	0.280780649	0
CLEC12A	0	0	0	0	0	0	0	0	0	0	0	0	0	0.501282896	0
SPINT1	0	0	0	0	0	0	0	0	0	0	0	0	0	-54.45160217	0
LOC100506235	0	0	0	0	0	0	0	0	0	0	0	0	0	-1.395812118	0
EPB41L5	0	0	0	0	0	0	0	0	0	0	0	0	0	-0.875858547	0
RYR1	0	0	0	0	0	0	0	0	0	0	0	0	0	0.947091507	0
ING2	0	0	0	0	0	0	0	0	0	0	0	0	0	0.229711822	0
LOC731424	0	0	0	0	0	0	0	0	0	0	0	0	0	1.216577096	0
RNF125	0	0	0	0	0	0	0	0	0	0	0	0	0	-7.378957536	0
PHC2	0	0	0	0	0	0	0	0	0	0	0	0	0	0.387807423	0
AKAP11	0	0	0	0	0	0	0	0	0	0	0	0	0	-2.450933894	0
LOC100127886	0	0	0	0	0	0	0	0	0	0	0	0	0	0.895006601	0
PSMB8-AS1	0	0	0	0	0	0	0	0	0	0	0	0	0	0.263639625	0
MAFF	0	0	0	0	0	0	0	0	0	0	0	0	0	-0.405534224	0
LOC100129406	0	0	0	0	0	0	0	0	0	0	0	0	0	1.237450171	0
MBOAT1	0	0	0	0	0	0	0	0	0	0	0	0	0	-0.504570156	0
MIR101-1	0	0	0	0	0	0	0	0	0	0	0	0	0	-0.669803343	0
SERPINB8	0	0	0	0	0	0	0	0	0	0	0	0	0	-19.19007734	0
GTPBP10	0	0	0	0	0	0	0	0	0	0	0	0	0	8.3685878	0
LOC642236	0	0	0	0	0	0	0	0	0	0	0	0	0	542.037593	0
VNN3	0	0	0	0	0	0	0	0	0	0	0	0	0	0.116114298	0
LMO4	0	0	0	0	0	0	0	0	0	0	0	0	0	5.539250548	0
DYSF	0	0	0	0	0	0	0	0	0	0	0	0	0	0.860000691	0
MRPS10	0	0	0	0	0	0	0	0	0	0	0	0	0	1.364668732	0
HIST1H2AC	0	0	0	0	0	0	0	0	0	0	0	0	0	-0.579709589	0
VPS36	0	0	0	0	0	0	0	0	0	0	0	0	0	-1.236161447	0
PIGP	0	0	0	0	0	0	0	0	0	0	0	0	0	-1.106433628	0
INAFM1	0	0	0	0	0	0	0	0	0	0	0	0	0	-0.097445358	0
IDI2-AS1	0	0	0	0	0	0	0	0	0	0	0	0	0	0.358481713	0
SYNE2	0	0	0	0	0	0	0	0	0	0	0	0	0	-0.656992236	0
TSPAN2	0	0	0	0	0	0	0	0	0	0	0	0	0	-1.439264301	0
CD3E	0	0	0	0	0	0	0	0	0	0	0	0	0	2.226236877	0
TMEM14B	0	0	0	0	0	0	0	0	0	0	0	0	0	-1.490030996	0
PITPNA	0	0	0	0	0	0	0	0	0	0	0	0	0	-0.011208067	0
RHOH	0	0	0	0	0	0	0	0	0	0	0	0	0	0.197620601	0
DOCK5	0	0	0	0	0	0	0	0	0	0	0	0	0	0.479084821	0
RELL1	0	0	0	0	0	0	0	0	0	0	0	0	0	4.78398004	0
NSMCE1	0	0	0	0	0	0	0	0	0	0	0	0	0	1.725665746	0
BCL9	0	0	0	0	0	0	0	0	0	0	0	0	0	0.166315506	0
TRANK1	0	0	0	0	0	0	0	0	0	0	0	0	0	0.267815863	0
NBN	0	0	0	0	0	0	0	0	0	0	0	0	0	0.203135017	0
MYO6	0	0	0	0	0	0	0	0	0	0	0	0	0	-1.113507724	0
ZNF557	0	0	0	0	0	0	0	0	0	0	0	0	0	2.077033396	0
SNX30	0	0	0	0	0	0	0	0	0	0	0	0	0	0.236886657	0
TNIP1	0	0	0	0	0	0	0	0	0	0	0	0	0	0.934960014	0
NKG7	0	0	0	0	0	0	0	0	0	0	0	0	0	0.815956836	0
FBXL13	0	0	0	0	0	0	0	0	0	0	0	0	0	0.824984568	0
KIAA0100	0	0	0	0	0	0	0	0	0	0	0	0	0	10.33422022	0
WWP1	0	0	0	0	0	0	0	0	0	0	0	0	0	2.765662012	0
PTGER2	0	0	0	0	0	0	0	0	0	0	0	0	0	-0.707487402	0
SLAMF1	0	0	0	0	0	0	0	0	0	0	0	0	0	0.205786978	0
TRBC1	0	0	0	0	0	0	0	0	0	0	0	0	0	0.112558113	0
TBC1D4	0	0	0	0	0	0	0	0	0	0	0	0	0	1.525291988	0
NSL1	0	0	0	0	0	0	0	0	0	0	0	0	0	-6.393422809	0
MEFV	0	0	0	0	0	0	0	0	0	0	0	0	0	0.056352871	0
DCSTAMP	0	0	0	0	0	0	0	0	0	0	0	0	0	-2.730189939	0
NUP98	0	0	0	0	0	0	0	0	0	0	0	0	0	-0.841768956	0
NCR3LG1	0	0	0	0	0	0	0	0	0	0	0	0	0	-0.124319455	0
CD8A	0	0	0	0	0	0	0	0	0	0	0	0	0	-0.569084976	0
SPA17	0	0	0	0	0	0	0	0	0	0	0	0	0	-2.32544489	0
DESI2	0	0	0	0	0	0	0	0	0	0	0	0	0	-1.204116999	0
LOC100506258	0	0	0	0	0	0	0	0	0	0	0	0	0	-1.008112895	0
PLD3	0	0	0	0	0	0	0	0	0	0	0	0	0	-1.29815258	0
HMMR	0	0	0	0	0	0	0	0	0	0	0	0	0	-2.186757756	0
BBS10	0	0	0	0	0	0	0	0	0	0	0	0	0	0.006928106	0
RRAS2	0	0	0	0	0	0	0	0	0	0	0	0	0	-1.874425764	0
DDIT4	0	0	0	0	0	0	0	0	0	0	0	0	0	0.27830392	0
AMFR	0	0	0	0	0	0	0	0	0	0	0	0	0	2.664571491	0
LMAN1	0	0	0	0	0	0	0	0	0	0	0	0	0	1.577566047	0
KLHDC8B	0	0	0	0	0	0	0	0	0	0	0	0	0	1.943466552	0
SLC25A36	0	0	0	0	0	0	0	0	0	0	0	0	0	-0.634677308	0
MRPS25	0	0	0	0	0	0	0	0	0	0	0	0	0	0.107313481	0
KRT23	0	0	0	0	0	0	0	0	0	0	0	0	0	-0.643714165	0
LRCH1	0	0	0	0	0	0	0	0	0	0	0	0	0	6.081847326	0
ADM	0	0	0	0	0	0	0	0	0	0	0	0	0	0.417832113	0
LINC01002	0	0	0	0	0	0	0	0	0	0	0	0	0	0.31537961	0
NOLC1	0	0	0	0	0	0	0	0	0	0	0	0	0	0.270837225	0
TNFAIP3	0	0	0	0	0	0	0	0	0	0	0	0	0	0.811393999	0
ZNF28	0	0	0	0	0	0	0	0	0	0	0	0	0	-1.144723911	0
IFITM3	0	0	0	0	0	0	0	0	0	0	0	0	0	0.598233496	0
PLK3	0	0	0	0	0	0	0	0	0	0	0	0	0	-0.994592341	0
KLHL42	0	0	0	0	0	0	0	0	0	0	0	0	0	-0.423871229	0
SLAMF7	0	0	0	0	0	0	0	0	0	0	0	0	0	0.723829421	0
SLC7A5	0	0	0	0	0	0	0	0	0	0	0	0	0	-0.040750548	0
LPCAT1	0	0	0	0	0	0	0	0	0	0	0	0	0	0.613001181	0
PARN	0	0	0	0	0	0	0	0	0	0	0	0	0	0.175970404	0
FAM65B	0	0	0	0	0	0	0	0	0	0	0	0	0	0.612148963	0
GNLY	0	0	0	0	0	0	0	0	0	0	0	0	0	-0.622281037	0
MAP3K8	0	0	0	0	0	0	0	0	0	0	0	0	0	-0.588049255	0
ATP1B1	0	0	0	0	0	0	0	0	0	0	0	0	0	4.324305504	0
MIOS	0	0	0	0	0	0	0	0	0	0	0	0	0	-3.236512709	0
SULT1B1	0	0	0	0	0	0	0	0	0	0	0	0	0	-0.868924165	0
ZCCHC6	0	0	0	0	0	0	0	0	0	0	0	0	0	-0.660488221	0
CLEC4E	0	0	0	0	0	0	0	0	0	0	0	0	0	-0.507509432	0
IFITM1	0	0	0	0	0	0	0	0	0	0	0	0	0	0.695652824	0
CLEC2D	0	0	0	0	0	0	0	0	0	0	0	0	0	3.019147731	0
POLR2M	0	0	0	0	0	0	0	0	0	0	0	0	0	0.352444866	0
MRPS33	0	0	0	0	0	0	0	0	0	0	0	0	0	0.127616195	0
BRAF	0	0	0	0	0	0	0	0	0	0	0	0	0	-0.17993193	0
CDC40	0	0	0	0	0	0	0	0	0	0	0	0	0	1.630221418	0
RNF19B	0	0	0	0	0	0	0	0	0	0	0	0	0	-10.47845032	0
ZFP69B	0	0	0	0	0	0	0	0	0	0	0	0	0	0.280137562	0
SLC25A20	0	0	0	0	0	0	0	0	0	0	0	0	0	1.971071458	0
FPR2	0	0	0	0	0	0	0	0	0	0	0	0	0	-0.118425928	0
TMEM88	0	0	0	0	0	0	0	0	0	0	0	0	0	-0.431395427	0
C11orf31	0	0	0	0	0	0	0	0	0	0	0	0	0	1.585059522	0
ETV5	0	0	0	0	0	0	0	0	0	0	0	0	0	-0.641724533	0
SMCHD1	0	0	0	0	0	0	0	0	0	0	0	0	0	-0.95890957	0
SPACA6P	0	0	0	0	0	0	0	0	0	0	0	0	0	-0.381372168	0
PTP4A3	0	0	0	0	0	0	0	0	0	0	0	0	0	-0.897737056	0
LINC01000	0	0	0	0	0	0	0	0	0	0	0	0	0	0.549196404	0
RNF175	0	0	0	0	0	0	0	0	0	0	0	0	0	-0.314961769	0
SCGB1A1	0	0	0	0	0	0	0	0	0	0	0	0	0	1.926592649	0
N4BP1	0	0	0	0	0	0	0	0	0	0	0	0	0	0.610096621	0
LINC01136	0	0	0	0	0	0	0	0	0	0	0	0	0	-0.698367035	0
ARHGAP26	0	0	0	0	0	0	0	0	0	0	0	0	0	-0.022796311	0
MYH10	0	0	0	0	0	0	0	0	0	0	0	0	0	0.929009061	0
OR2A7	0	0	0	0	0	0	0	0	0	0	0	0	0	-11.99622889	0
ZNF570	0	0	0	0	0	0	0	0	0	0	0	0	0	0.551658683	0
IFITM2	0	0	0	0	0	0	0	0	0	0	0	0	0	0.523039704	0
TBPL1	0	0	0	0	0	0	0	0	0	0	0	0	0	3.276161191	0
CD300LF	0	0	0	0	0	0	0	0	0	0	0	0	0	-55.27259065	0
ETFA	0	0	0	0	0	0	0	0	0	0	0	0	0	-3.563820592	0
CXCR1	0	0	0	0	0	0	0	0	0	0	0	0	0	0.511268227	0
PHF19	0	0	0	0	0	0	0	0	0	0	0	0	0	5.472932589	0
CYB5D1	0	0	0	0	0	0	0	0	0	0	0	0	0	6.299965482	0
RLF	0	0	0	0	0	0	0	0	0	0	0	0	0	-0.906920781	0
LIPA	0	0	0	0	0	0	0	0	0	0	0	0	0	2.453321666	0
FAM135A	0	0	0	0	0	0	0	0	0	0	0	0	0	-2.854081621	0
ANTXR2	0	0	0	0	0	0	0	0	0	0	0	0	0	0.123084106	0
KCNJ15	0	0	0	0	0	0	0	0	0	0	0	0	0	0.394313561	0
MRPL57	0	0	0	0	0	0	0	0	0	0	0	0	0	1.410857468	0
LIMK2	0	0	0	0	0	0	0	0	0	0	0	0	0	-0.941296069	0
SORD	0	0	0	0	0	0	0	0	0	0	0	0	0	0.595312192	0
LOC388210	0	0	0	0	0	0	0	0	0	0	0	0	0	0.370057823	0
NLRP2	0	0	0	0	0	0	0	0	0	0	0	0	0	-0.154038773	0
CD177	0	0	0	0	0	0	0	0	0	0	0	0	0	0.684598311	0
LINC01093	0	0	0	0	0	0	0	0	0	0	0	0	0	-0.586532702	0
