"" "" "" "" "" "" "" "" "foldChange"
"CLC" 4.15405821084384 0 49.6581422691323 0 -5e-05 0.0590697674418605 0 0.14443137254902 -1.21276595744681
"IL1RL1" 7.90296325475177 0 46.9364562396 0 0.000458974358974359 0 0 0 -1.21276595744681
"CPA3" 60.186527047013 0 9.63520099251787 0 0.000108108108108108 0.534678336980306 0 0.198782608695652 -1.21276595744681
"GNA15" 17.6864420438647 0 11.3677046680741 0 0.000628942559787113 0.520965197215777 0.174513420288533 0.25273 -1.21276595744682
"PRSS33" 20.4411396886324 0 20.4813798752115 0 -5.71428571428571e-05 0 0 0.115018867924528 -1.21276595744681
"CRLF2" 26.618102111053 0 38.9187862014833 0 0.000195488721804511 0.301625 0 0.208165413533835 -1.21276595744681
"CCL22" 20.6889972993048 0 35.7699552500045 0 0 0.429240310077519 0 0.198782608695652 -1.21276595744681
"GATA2" 41.3900700159934 0 13.9051185896455 0 0.000941314924026062 0.448887272727273 0 0.209176470588235 -1.21276595744681
"ALOX15" 17.5737198530843 0 16.6881560495263 0 0.00979491021834062 0.122903225806452 0 0.176695652173913 -1.21276595744681
"VEGFA" 30.0133084155909 0 35.7565570138793 0 2e-04 0 0 0.131703703703704 -1.21276595744681
"CCL17" 21.339999128384 0 11.4184345229269 0 0.000111111111111111 0.536465517241379 0 0.242842377260982 -1.2127659574468
"SATB1" 4.28473401900049 0 41.6348866383135 0 0.000155555555555556 0.376464285714286 0 0.116590163934426 -1.21276595744681
"SOCS2" 21.6806423505299 0 52.6592643827223 0 0.000181818181818182 0.712625250501002 0 0.156028571428571 -1.21276595744681
"SMOX" 22.8060442819866 0 52.2990691271319 0 0.082760874770857 0.0163870967741935 0 0.131703703703704 -1.21276595744681
"BIRC3" 19.9742830843763 0 48.2521346077354 0 0.000462242562929062 0.122903225806452 0 0.152 -1.21276595744681
"LOC101927770" 4.99464844862064 0 17.6428410010066 0 0.00027027027027027 0.460489208633094 0.313248647287478 0.288354767184036 -1.21276595744681
"TARP" 21.5105822454575 0 40.7341488498294 0 0.0026591006108034 0.370702702702703 0 0.191497382198953 -1.21276595744681
"CISH" 3.49823218395982 0 15.9387330863611 0 0.00046812865497076 0.516141025641026 0 0.232228571428571 -1.21276595744681
"BST1" 11.1469561928099 0 16.1274208166717 0 0 0.378810344827586 0 0.198782608695652 0.824561403508815
"HELZ" 15.6321472651242 0 6.21687946254502 0 0.00015647226173542 0.520965197215777 0.982907972964419 0.277297539149888 0.824561403508772
"GPR183" 6.61821400539519 0 13.330239736882 0 -0.000153846153846154 0.29107027027027 0.0858585111839074 0.137458823529412 -1.21276595744681
"FECH" 6.02274276879394 0 33.914241123159 0 0.000324009324009324 0.44165671641791 0 0.232228571428571 0.824561403508769
"RFTN1" 5.89681767193355 0 16.1482449513077 0 0.000245063879210221 0.520965197215777 0 0.197694581280788 0.824561403508779
"FCER1A" 22.1648833104071 0.00970700636942675 70.0150246305419 0 0.0139755228978074 0.520965197215777 0 0.272269141531322 -1.21276595744681
"CCR7" 33.9578794570647 0 47.1505813517888 0 0.000241758241758242 0.268941176470588 0 0.152 -1.21276595744681
"FAM118A" 5.46596585383804 0.0396386036960986 14.3243097838836 0.0884836065573771 -5e-05 0.520965197215777 0 0.392407185628742 -1.21276595744686
"GLCCI1" 33.6286993640331 0 43.2037640128131 0.00970700636942675 0.00143997945313735 0.520965197215777 0.269739296131617 0.343925465838509 -1.21276595744681
"LGALS12" 7.69593384529281 0 49.2548483460389 0 0 0.255577639751553 0 0.156307692307692 -1.21276595744681
"RUNX3" 15.7570921122212 0 23.214560214006 0 0 0.119269565217391 0 0.178740740740741 -1.21276595744681
"NDFIP1" 3.90823325448342 0 47.0834909762544 0 -4.27350427350427e-06 0.0586153846153846 0 0.0241904761904762 0.824561403508772
"RNF146" 11.2098416925598 0 23.6105058734369 0 0.000524163120980746 0.0590697674418605 0 0.179473053892216 0.82456140350877
"CTSS" 28.8807339439786 0 4.07952052231341 0 0.00156619754514491 0 0 0.115018867924528 0.824561403508771
"MMP19" 6.13742915214866 0 24.5245513526596 0.0010995670995671 0.000294117647058824 0.534678336980306 0 0.236697547683924 0.824561403508767
"LOC101060424" 5.07360249566924 0 3.7235702792246 0 0.000165869218500797 0.520965197215777 0 0.223397590361446 -1.21276595744681
"TLR7" 18.7202364569704 0 13.3790680699682 0 0.000291309669522644 0.370702702702703 0 0.198782608695652 0.82456140350877
"NLRC4" 27.089304793919 0 39.2477745232564 0 0.000544601086048455 0.100641509433962 0 0.198782608695652 0.824561403508772
"TRGC2" 26.7566547601361 0 47.0647496208725 0 -5e-05 0.460828571428571 0 0.175846153846154 -1.21276595744681
"COA7" 17.1532808979385 0 54.214312721975 0 0 0.532780487804878 0 0.223397590361446 0.824561403508771
"ZFYVE21" 5.33581196569139 0 35.4789974420168 0 5.71428571428571e-05 0.541721627408994 0 0.223397590361446 0.824561403508771
"CYLD" 6.02933864201869 0 25.6593589096347 0 0.00020960960960961 0.122903225806452 0 0.210506849315068 -1.21276595744681
"KIF21B" 29.8718239074573 0 50.1750033538961 0 0.000454505829791871 0.4761393728223 0 0.209176470588235 -1.21276595744681
"UTRN" 9.99325402378143 0 39.7094823761589 0 0.000393040293040293 0.326029850746269 0 0.232228571428571 0.824561403508771
"TRGV9" 9.71842630115763 0 56.4545847857076 0 0 0.352055813953488 0 0.156575342465753 -1.21276595744681
"GTF2H2B" 9.69994460627007 0 18.8654076023213 0 0.000164171122994652 0.938 0 0.198782608695652 0.824561403508771
"C21orf91-OT1" 20.9578205843607 0.373470355731225 43.14392135761 0.188336673346693 0.00105012359901121 0.520965197215777 0 0.359618661257606 -1.21276595744681
"TRAPPC12" 20.357739142365 0 22.1837140495686 0 0.000117647058823529 0.0590697674418605 0 0.198782608695652 0.824561403508773
"ARHGAP1" 17.4342762992777 0 42.4167992534345 0 0.000225670163170163 0.519217665615142 0.535919736615692 0.20831654676259 0.824561403508734
"XRCC5" 8.27448823501873 0 16.0899210422261 0 -0.00015 0.129015873015873 0 0.198782608695652 0.824561403508767
"CD207" 54.0637839512595 0 4.1761295127554 0 0.000618852981643679 0.513029702970297 0 0.277297539149888 -1.21276595744681
"TIPRL" 6.25680889129566 0 10.890536256597 0 0.00027953667953668 0.387966244725738 0 0.234461538461538 0.824561403508773
"DUSP4" 24.97752326955 0 22.2882239119844 0 -4.76190476190476e-05 0.634217659137577 0 0.23049552238806 -1.21276595744681
"ATP2A3" 9.0902179664553 0 36.8365481211514 0 0.000250549450549451 0 0.226551721250939 0.198782608695652 -1.21276595744681
"HAUS1" 5.92483136335605 0 41.287585541511 0 0.000926461870749419 0.29107027027027 0.159017882026206 0.250801007556675 0.824561403508772
"MEIS3P1" 36.9796934733077 0 17.7018319137135 0 0.000123839009287926 0.158289855072464 2.11344415130395 0.198782608695652 0.824561403508768
"SCOC" 1.23136719527998 0 33.4894679524445 0 -4.63383838383838e-05 0 0.855079573748451 0.137458823529412 0.824561403508772
"ADORA3" 42.3292200391273 0 35.5935549984035 0 -0.000106837606837607 0.122903225806452 0.652212647851486 0.234461538461538 -1.21276595744681
"ICOSLG" 19.3828015687752 0 15.6167036477836 0 0.000150192554557125 0.520965197215777 0.592420921964118 0.231321428571429 -1.21276595744681
"RASAL3" 17.6922401214823 0 45.566556125391 0 9.75609756097561e-05 0.110836363636364 0.565116089273625 0.155737226277372 -1.21276595744681
"UBA3" 12.5541492251825 0 44.5469766392314 0 0.000493573185154617 0.483305555555556 0.515283373086193 0.23049552238806 0.824561403508771
"IL18R1" 5.64635338012127 0 60.1793591332277 0 0.000391174716756112 0.527191111111111 0.512621431878325 0.198782608695652 -1.21276595744681
"DAD1" 27.3516338291937 0 10.6833127882683 0 0.105792492453618 0.520965197215777 0.504311288859337 0.191497382198953 0.82456140350877
"REL" 35.8260183900648 0 17.5124949201224 0 -0.000105263157894737 0.145676470588235 0.367689985467333 0.20831654676259 -1.21276595744681
"TBC1D2B" 15.9735353505151 0 25.8911929141395 0 0 0.136769230769231 0.363443186241341 0.217714285714286 0.824561403508772
"SMG1P5" 6.11391597130185 0 25.532926148778 0 0.00186943391261427 0.520965197215777 0.313271542152246 0.232474576271186 -1.2127659574468
"DNAJB1" 60.519045699908 0 44.9348928851901 0 0.000163371266002845 0.13096875 0.313120710328364 0.198782608695652 -1.21276595744681
"COL4A3BP" 17.9789424870777 0 45.820301811908 0 0 0.606865424430642 0.309796961652458 0.145142857142857 0.82456140350877
"CD1E" 10.7526863641502 0 23.8026420242587 0 0 0.520965197215777 0.304262642132403 0.198782608695652 -1.2127659574468
"TRAF1" 21.1116605653625 0 16.6310915087982 0 0.000269681121858657 0.264646706586826 0.28982000785105 0.168211920529801 -1.21276595744681
"VSTM1" 31.632995314034 0 25.6663531362262 0 5.26315789473684e-05 0.119269565217391 0.255702676337846 0.198782608695652 -1.21276595744681
"PLBD1" 22.8736313407761 0 41.2045421559236 0 0.00033050193050193 0 0.255408910706638 0.115018867924528 0.824561403508775
"PQLC3" 11.2048675615386 0 54.5173155867121 0 0.000386938264987045 0.444265682656827 0.24444958301063 0.198782608695652 0.824561403508771
"SIGLEC7" 8.33705532514738 0 39.3553859549817 0 0.00622689996511353 0.511409395973154 0.204638493665943 0.20667680608365 0.824561403508771
"TES" 24.3926488411269 0 23.6810311680894 0 0.000351388888888889 0.516141025641026 0.203111287292419 0.239544715447154 -1.21276595744681
"TTYH2" 21.7868313213017 0 30.0374136028532 0 0.000296031746031746 0.516141025641026 0.20171858513418 0.255872235872236 -1.21276595744681
"STX7" 30.2036303191753 0 60.2011886129149 0 0.000358395989974937 0 0.201100826001814 0.131703703703704 0.824561403508772
"SOCS1" 1.24876632945095 0 30.3450367437945 0 0.000274029657240094 0.71628 0.196097806447382 0.210506849315068 -1.21276595744681
"CCNYL1" 46.5537352507603 0 61.1981136492193 0 0.00280189578780618 0 0.18841068658208 0.214073578595318 0.824561403508772
"CAMP" 21.427395522407 0 36.0789181547374 0 0 0.520965197215777 0.165513593491693 0.255872235872236 0.824561403508774
"PTPRCAP" 3.82043779103468 0 48.3294856986734 0 5.37930191331989e-05 0.370702702702703 0.155401977115712 0.271803738317757 -1.2127659574468
"GNB4" 6.62181602726758 0 2.81642221471682 0 0.00254498197580853 0.29107027027027 0.151798173482259 0.203984555984556 0.82456140350877
"STAC3" 35.4112897013981 0 43.1531676763659 0 0.000250501253132832 0.520965197215777 0.144684376557061 0.241130666666667 0.824561403508769
"ASXL1" 12.703762396487 0 25.4382708665291 0 0.00268660360762689 0.520965197215777 0.14201732116475 0.174831168831169 -1.21276595744681
"ARPC3" 48.1331762061533 0 45.643975323955 0 -5.40540540540541e-05 0.145676470588235 0.137800370572579 0.149137614678899 0.824561403508766
"ADAM19" 17.03946489625 0 46.9725971394208 0 0.00105263157894737 0.527191111111111 0.136321559263106 0.234244444444444 -1.21276595744681
"CD1C" 21.8087331245498 0 28.4175414647464 0 0.000672044622044622 0.442148148148148 0.132160626334442 0.172653594771242 0.824561403508765
"PTBP3" 24.1765905791318 0 56.5416098269547 0 0 0.520965197215777 0.130808686251681 0.176695652173913 0.824561403508776
"ETS1" 26.6673020100741 0.0180669456066946 35.3473058604136 0.00868376068376068 0.000624019398088718 0.527191111111111 0.130489952080033 0.246854219948849 -1.21276595744681
"GPR171" 24.3563758042153 0.0107399577167019 45.7584129246209 0.0106947368421053 0.000157894736842105 0.520965197215777 0.126861131955449 0.260076555023923 -1.21276595744681
"GGT5" 2.52204275810176 0 41.7411866476495 0 0.00015 0.191324675324675 0.119660836925181 0.147177570093458 -1.21276595744681
"HRH4" 2.13884947715943 0 50.7683364361775 0 0.00137431307246629 0.29107027027027 0.102694768942275 0.217714285714286 -1.21276595744681
"BANK1" 9.77628446663943 0 38.356629475686 0 0.00173012760021746 0.413253968253968 0.101979284809005 0.334433333333333 -1.21276595744681
"THBS1" 20.7722276322733 0.00110675381263617 43.1430414894594 0.0010995670995671 0.000569260272890449 0.520965197215777 0.0992892364041184 0.272269141531322 -1.21276595744681
"IL2RA" 13.4370144536104 0 38.822546671621 0 0.000407899645893742 0.40225306122449 0.0833606159876195 0.232228571428571 -1.21276595744681
"RNPEP" 1.28803059311623 0 49.8448964881766 0 0 0.290705202312139 0.0831374050761027 0.232228571428571 0.824561403508774
"TRAM1" 47.3922157723512 0 16.7361520083757 0 0.00274132886720096 0 0.070784268050687 0.197694581280788 0.824561403508775
"ANKRD10" 17.2413888642408 0 40.3249610207651 0 0.000125 0.332912621359223 0.0659688162117216 0.198782608695652 -1.2127659574468
"LINC01094" 16.9927934626258 0 26.2413784816775 0 0.000135322679610228 0.723976047904192 0.0557336142109924 0.214073578595318 0.824561403508771
"BTBD19" 13.5056081327877 0 45.0962498146531 0 -4.65116279069767e-05 0.526599542334096 0.0333821275308165 0.145142857142857 -1.21276595744681
"ADAM1A" 22.6370184516857 0.0995474747474747 10.2974669062643 0.151275653923541 0.000583398771770865 0.513029702970297 0 0.407405940594059 0.824561403508774
"COPG1" 28.4109584886909 0 15.2099436349329 0 0.000649415922189252 0.0590697674418605 0 0.115018867924528 0.82456140350877
"PAQR8" 21.0493944936814 0 11.5727982849235 0 0.000117647058823529 0.520965197215777 0 0.359618661257606 0.824561403508771
"C8orf60" 3.57538130852302 0 9.31805088919433 0 5.40540540540541e-05 0.520965197215777 0 0.191497382198953 -1.21276595744681
"HN1" 1.4224371799661 0 35.3518316979658 0 0.000235294117647059 0.0756595744680851 0 0.192145077720207 0.82456140350877
"SCARB2" 11.2804836106827 0 4.4364220166212 0 0.0117091317535892 0 0 0 0.824561403508773
"TPSB2" 11.0138357023495 0 18.8417396874561 0 0 0.0976923076923077 0 0.191497382198953 -1.21276595744681
"ETS2" 48.7678179823994 0 34.1243714484987 0 0 0 0 0.0441739130434783 -1.21276595744681
"FCF1" 30.0378445961135 0 60.4716071811033 0 0.00225043217377313 0.67630081300813 0 0.223397590361446 0.824561403508772
"C11orf49" 17.132324256822 0 25.1401928794237 0 5.12820512820513e-05 0.516141025641026 0 0.189802197802198 0.824561403508768
"ANKRD44-IT1" 1.54085019529595 0 40.388114625968 0 0.000347985347985348 0.520965197215777 0 0.339369294605809 -1.21276595744681
"XPNPEP3" 7.63732841619219 0 36.6880582177514 0 5e-05 0.520965197215777 0 0.307416309012876 0.824561403508776
"TP53" 11.1375816789088 0 38.6526275814212 0 1e-04 0.183815789473684 0 0.20831654676259 0.82456140350877
"OTOA" 20.8496391247933 0.176473895582329 35.8256228930276 0.226677290836653 -4.54545454545455e-05 0.520965197215777 0 0.314271186440678 0.824561403508769
"MAGOHB" 18.569130292348 0 11.1830201314178 0 0 0.071010752688172 0 0.322198731501057 0.824561403508773
"BROX" 6.60944066611224 0 39.3896284687327 0 0 0.520965197215777 0 0.181011494252874 0.82456140350877
"PPP3R1" 11.3283420123883 0 32.012079434184 0 0 0.519217665615142 0 0.232228571428571 0.824561403508776
"COQ2" 29.0962278249724 0 52.9637897887791 0 0.00144198199461357 0.139603053435114 0 0.158965986394558 0.824561403508773
"CSTA" 24.7727798602998 0 28.8620902755059 0 0.000165869218500797 0 0 0.115018867924528 0.824561403508771
"ZNF610" 15.5950898171521 0 20.0860456741802 0 0.00132860823387139 0.536465517241379 0 0.392407185628742 0.82456140350877
"CUL2" 12.2743655538388 0 56.5271863675698 0 0.000556818971824274 0.520965197215777 0 0.244835051546392 0.82456140350877
"IRF4" 22.8144805599543 0 45.4513045282696 0 0 0.417644268774704 0 0.250151515151515 -1.21276595744681
"TMEM120A" 3.33485505908678 0 4.76482002326937 0 0.00592520665156535 0.00861016949152542 0 0.234244444444444 -1.21276595744681
"ITM2A" 12.3618522638257 0 47.3597977698749 0 4.87804878048781e-05 0.520965197215777 0 0.353526530612245 -1.2127659574468
"UMPS" 13.0257452156115 0 5.4646946248226 0 0.000376822276822277 0.29107027027027 0 0.175846153846154 0.824561403508773
"C5orf22" 24.7889179675479 0 44.0670664569599 0 5.40540540540541e-05 0.520965197215777 0 0.181011494252874 0.824561403508773
"SUMO1" 20.2854398384036 0 27.1452183837438 0 0.000639910909690197 0.18288 0 0.145142857142857 0.824561403508769
"PRDX3" 0.146190712655224 0 30.5705680028902 0 1.12908961593172e-05 0.0590697674418605 0 0.120952380952381 0.824561403508773
"LOC284454" 42.0569067114941 0 28.6744742130505 0 9.75609756097561e-05 0.40225306122449 0 0.179473053892216 -1.2127659574468
"C2CD5" 13.2069744452469 0 56.0739739137496 0 0 0.368183486238532 0 0.197694581280788 0.824561403508773
"FLJ37453" 20.5975480206357 0.0273457556935818 45.1293004890804 0.0159081419624217 -4.87804878048781e-05 0.520965197215777 0 0.334433333333333 -1.21276595744681
"EXTL2" 34.066054255303 0.0478852459016393 26.4468327551295 0.0924580777096115 0.000206675224646983 0.602854771784232 0 0.280080357142857 0.824561403508776
"ATG2A" 19.1868345251529 0 35.507116212302 0 0 0.292236559139785 0 0.147177570093458 -1.21276595744681
"DCN" 5.59661612929618 0 29.5569710827475 0 5.27356624917601e-06 0.180697986577181 0 0.156575342465753 0.82456140350877
"FAM101B" 7.78103230408809 0 42.098266035742 0 0 0 0 0.155737226277372 -1.21276595744681
"BTG1" 40.8144481728661 0 28.4759490741286 0 0.000170726495726496 0 0 0 -1.21276595744681
"ERN1" 17.0591939189538 0 73.9291285970045 0 -9.52380952380952e-05 0.559334736842105 0 0.14443137254902 -1.21276595744681
"TGOLN2" 1.45261263504452 0 5.28164409749599 0 -0.000108108108108108 0 0 0.115018867924528 0.824561403508772
"LOC100130264" 19.2151090227866 0 22.345726342088 0 0 0.0163870967741935 0 0.232228571428571 -1.21276595744681
"SLC7A11" 14.7437829057427 0 24.5309247456335 0 4.22445400924597e-05 0.649743380855397 0 0.203984555984556 -1.21276595744681
"PRKCZ" 15.6732727910312 0 50.0493473534033 0 0 0.441903345724907 0 0.191497382198953 -1.21276595744681
"SH2D2A" 5.24577218951017 0.00110675381263617 43.1427306754786 0 -0.000106685633001422 0.608552577319588 0 0.20831654676259 -1.21276595744681
"PDE2A" 22.6591441919398 0 22.9067467541739 0 0 0.536465517241379 0 0.25273 -1.21276595744681
"GINM1" 23.9704125626189 0 36.0180347620538 0 0 0.5969 0 0.203984555984556 0.824561403508771
"SLC16A10" 52.7800466202769 0.230171656686627 37.0408512580444 0.344714285714286 9.19661733615222e-05 0.520965197215777 0 0.216993377483444 0.824561403508782
"MAP3K1" 41.54785882666 0 16.8849399279952 0 0.000771908453303802 0.520965197215777 0 0.198782608695652 0.824561403509324
"FRMD4B" 13.0436440085377 0 35.3855886420997 0 0.00124001654117933 0.520965197215777 0 0.20667680608365 -1.21276595744681
"MARS2" 21.1235787189175 0.230171656686627 29.6648443243057 0.150556451612903 0 0.519217665615142 0 0.242842377260982 0.824561403508774
"DNAJC19" 10.0952683960094 0 47.2020217520753 0 0.000166666666666667 0.071010752688172 0 0.209176470588235 0.82456140350877
"FAM57A" 24.689832989893 0 33.5628556895022 0 0.0028816383215296 0.378810344827586 0 0.363004048582996 -1.21276595744681
"HIF1A" 28.3784312056264 0 17.4758691984463 0 0.0012658715621563 0.00861016949152542 0 0.116590163934426 -1.21276595744681
"Mar-01" 22.1149955070049 0 52.6244024769405 0 0.000497248379601321 0.0627865168539326 0 0.198782608695652 0.824561403508771
"LSM6" 13.8134289110399 0 50.2252589266591 0 0 0.00861016949152542 0 0.198782608695652 0.824561403508773
"ZYG11B" 8.05888101374186 0 47.2995458805134 0 0.000153846153846154 0.100641509433962 0 0.181011494252874 0.824561403508771
"ZCRB1" 21.4720204051623 0 50.3312805626229 0 0.00125546386290931 0.44165671641791 0 0.198782608695652 0.824561403508771
"ACAA1" 34.2686807036853 0 20.7723179226713 0 0.00027027027027027 0.122903225806452 0 0.206314176245211 0.824561403508773
"P2RY10" 24.8318307540562 0 22.3680774800983 0 0.000694672898213418 0.527191111111111 0 0.242842377260982 -1.21276595744681
"SLC35F5" 22.2602180305335 0 19.861546576594 0 0.000194444444444444 0.326930693069307 0 0.232142433234421 0.82456140350877
"RNF135" 47.7620969707563 0 37.7612827809015 0 0.00047392140023719 0.09652 0 0.211522184300341 0.824561403508771
"CCR3" 6.8999331289556 0 12.0669031384033 0 0.000357894736842105 0.159657142857143 0 0.131703703703704 -1.21276595744681
"ADAT2" 22.199666769896 0.143387096774194 35.0670868451175 0.155052208835341 0.00087101366114524 0.472475524475524 0 0.386120967741935 0.82456140350877
"PDIA6" 33.3524358541986 0 66.51033726661 0 5.40540540540541e-05 0.543744136460554 0 0.152 0.824561403508772
"LOC286052" 17.5025842708774 0.964 5.48876892989926 0.912 5e-05 0.520965197215777 0 0.353526530612245 0.824561403508724
"CCDC115" 19.1504147869642 0 21.3470619086061 0 0 0.0586153846153846 0 0.130848484848485 0.82456140350877
"SFMBT2" 29.9553908173773 0 56.8146058740645 0 -7.97448165869219e-06 0 0 0.277297539149888 -1.21276595744681
"WNT5A" 30.074856731242 0 37.5534530811517 0.0010995670995671 0 0.526599542334096 0 0.353526530612245 -1.21276595744681
"FBXO3" 37.5773703974075 0 17.3469439338416 0 0.000691160593792173 0.520965197215777 0 0.260076555023923 0.824561403508773
"ZFYVE26" 39.353234080463 0 35.7284002131587 0 0.000212325686009897 0.345148325358852 0 0.209176470588235 0.824561403508771
"ADAM10" 18.8416204681848 0 38.9880171864617 0 0.000673414304993252 0.520965197215777 0 0.170447368421053 0.824561403508768
"DNM2" 32.4210133578318 0 31.789967477015 0 0 0.520965197215777 0 0.232474576271186 -1.21276595744681
"NFKBIE" 4.30410560234655 0 45.2934907153958 0 -5.26315789473684e-05 0.229732484076433 0 0.149678571428571 -1.21276595744681
"CD300LB" 16.8156187096822 0 12.655718902715 0 0 0.520965197215777 0 0.19639175257732 -1.21276595744681
"SRFBP1" 30.3043091894378 0 54.6638841980109 0 0.000312162162162162 0.77404743083004 0 0.242842377260982 0.824561403508771
"ANPEP" 8.35574617539079 0 30.9206187035995 0 0 0.608552577319588 0 0.270060889929742 0.824561403508796
"ZKSCAN8" 2.05469631663191 0 29.7702995146854 0 0.000238961038961039 0.29107027027027 0 0.277090909090909 0.824561403508772
"GCSH" 3.35772914142802 0 37.6377186308729 0 0.000267647058823529 0.313010101010101 0 0.183683615819209 0.824561403508773
"LOC541473" 6.37503615352799 0 33.2998208313426 0 0.000181818181818182 0.520965197215777 0 0.272728110599078 -1.21276595744681
"SUCLG2" 14.140484543371 0 43.6842997457315 0 0.000661528822055138 0.00861016949152542 0 0.14443137254902 0.824561403508771
"KIT" 15.7406548432675 0 21.3950850810858 0 0.000190816935002982 0.00861016949152542 0 0.217236842105263 -1.21276595744681
"FCGR3B" 50.584168290665 0 55.0618853642253 0 -1.66553107729579e-06 0 0 0.131703703703704 0.824561403508777
"BRCC3" 14.5041047774932 0 52.1174957164275 0 0.00146941026106623 0.429240310077519 0 0.198782608695652 0.824561403508774
"PCCA" 2.26467878490261 0 47.822735982872 0 -0.000117647058823529 0.00861016949152542 0 0.198782608695652 0.824561403508772
"KCNJ13" 8.94454940740262 0.265087301587302 18.2335079614824 0.383263366336634 0.000153846153846154 0.520965197215777 0 0.353526530612245 0.824561403508763
"SPAG5-AS1" 11.6034813314869 0 47.1329906205649 0 0.00107871901432273 0.520965197215777 0 0.357979633401222 -1.21276595744681
"ZNF587B" 12.8833468286278 0.00110675381263617 19.1793070301584 0.0010995670995671 0.000157622739018088 0.520965197215777 0 0.277297539149888 0.82456140350877
"FCER2" 39.1078468169405 0 41.751186690799 0 0 0.09652 0 0.217714285714286 -1.21276595744681
"LENG8" 21.6240499810337 0 20.7603039728174 0 0.0139114588375767 0.349849056603774 0 0.198782608695652 -1.2127659574468
"SAMD9L" 8.49064014918505 0 11.2418341775933 0 0.000263157894736842 0 0 0.14443137254902 0.82456140350877
"LY96" 18.4962416863546 0 50.3105012054412 0 0 0.0586153846153846 0 0.0241904761904762 0.824561403508766
"PPP1R14A" 8.51391929337891 0 42.9538317183637 0 -0.000152564102564103 0.3048 0 0.223397590361446 -1.21276595744681
"SYMPK" 17.7722739939724 0 47.6613031984792 0.0010995670995671 6.03337612323492e-05 0.520965197215777 0 0.25958924205379 -1.21276595744681
"IL3RA" 1.55814112825404 0 9.53165402189016 0 4.5691684716075e-05 0.337038461538462 0 0.18288 -1.21276595744681
"FLVCR1" 8.82305822059898 0 53.6542885150831 0 0.000242424242424242 0.541721627408994 0 0.241198938992042 -1.21276595744681
"MMP10" 5.4921475275334 0 4.99154501438449 0 0 0.520965197215777 0 0.260076555023923 -1.21276595744681
"MMP12" 7.73498476229067 0 55.4931972789116 0 0.00330022667712841 0.724557768924303 0 0.248842639593909 -1.21276595744681
"SIAH2" 35.0514747918387 0 18.6959778940985 0 0.000309782065879627 0.520965197215777 0 0.232228571428571 -1.21276595744681
"FCGR1B" 37.2840361635152 0 65.1747124867707 0 0.000316883116883117 0 0 0.142696629213483 0.824561403508769
"TLR1" 28.4725545684422 0 56.7091454959334 0 0 0.00861016949152542 0 0.115018867924528 0.824561403508743
"IFI16" 28.5345066749844 0 55.6960412650818 0 0.000511948790896159 0 0 0.115018867924528 0.82456140350881
"NR4A1" 44.5468417813245 0 40.1627187093267 0 0 0.301037037037037 0 0.208165413533835 -1.2127659574468
"GPR42" 6.51044197485146 0 43.2865150529131 0 0.000105263157894737 0.00861016949152542 0 0.137458823529412 -1.21276595744681
"RNA45S5" 24.6627110019114 0 15.0775843828478 0 0.00215516741061548 0.29107027027027 0 0.214073578595318 -1.21276595744682
"CD1B" 23.5917459390082 0 0.812163847922977 0 5.12820512820513e-05 0.520965197215777 0 0.220452830188679 -1.21276595744681
"RBM47" 14.154654701516 0 13.8942045951122 0 0.00256242172539602 0.09652 0 0.152 0.824561403508753
"KMT2A" 4.36330631217756 0 37.4294315925828 0 0 0.516141025641026 0 0.217714285714286 0.824561403508752
"CD24" 30.3213932664765 0 30.9679838259834 0 0.000526984126984127 0.349849056603774 0 0.20831654676259 -1.21276595744681
"CASP4" 13.1391399442255 0 55.7640660733213 0 0.000302921884317233 0 0 0 -1.2127659574468
"TPSAB1" 7.96317757543853 0 33.7192588752719 0 0.000108108108108108 0.527191111111111 0 0.198782608695652 -1.21276595744681
"DNASE1L3" 28.453801254913 0 47.9207063363923 0 0.000676295704692278 0.368183486238532 0 0.0940740740740741 -1.21276595744682
"EPN2-AS1" 13.9060896620711 0 54.0840201955537 0 0.00368191651282947 0.461163120567376 0 0.264885714285714 -1.21276595744681
"GIMAP4" 59.2742866888199 0 35.545233270335 0 0.000122768222768223 0.433753846153846 0 0.152 0.824561403508798
"TLR8" 38.2796283412492 0 22.0584360586583 0 -6.55200655200655e-06 0.468508833922262 0 0.116590163934426 0.824561403508773
"F13A1" 14.0980992498815 0.0365843621399177 55.1111375238597 0.0106947368421053 5.55555555555556e-05 0.520965197215777 0 0.264885714285714 -1.21276595744681
"PJA2" 4.05051406224748 0 22.9327092193699 0 0 0.144059701492537 0 0.142696629213483 0.824561403508775
"UGT2B28" 8.06139067654339 0 32.5474329260017 0 0.000490216460804696 0.0586153846153846 0 0.0940740740740741 -1.21276595744681
"FCGR1A" 33.9521616505807 0 29.4752392249715 0 0.00067384410981972 0.0976923076923077 0 0.179473053892216 0.824561403508767
"S100A8" 30.3187932686649 0 45.9428611145762 0 0.000226470588235294 0.378810344827586 0 0.14443137254902 -1.21276595744697
"RRN3P2" 40.3278831839154 0 41.2528650460876 0 0.000217391304347826 0.520965197215777 0 0.270060889929742 -1.21276595744681
"NFKBID" 14.8599544434573 0 62.9687235660035 0 4.76190476190476e-05 0.488797250859107 0 0.115018867924528 -1.21276595744681
"TRIM22" 6.49316961158616 0 35.3930348503142 0 0 0 0 0 0.824561403508777
"HSD17B11" 42.2390897107743 0 28.6759688640766 0 0 0.520965197215777 0 0.14443137254902 0.824561403508772
"UBE2D1" 28.3704409202192 0 58.2024401947378 0 0.000453132832080201 0 0 0.14443137254902 -1.21276595744681
"CD1A" 8.19256334451523 0 27.7216660017715 0.0293884297520661 0.00161370912044287 0.378810344827586 0 0.253366583541147 -1.21276595744681
"MNDA" 17.245639059375 0 50.3095578486267 0 0 0.168140845070423 0 0.156575342465753 -1.21276595744703
"DIDO1" 7.87586961979219 0.00110675381263617 31.4601022291052 0.0010995670995671 -2e-04 0.520965197215777 0 0.277297539149888 -1.21276595744682
"SLA" 36.3435887957292 0 24.5649316432835 0 0.000160739687055477 0.268941176470588 0 0 0.824561403508935
"CTNS" 4.05176193401365 0 9.00930591415438 0 0.00466770836654641 0.264646706586826 0 0.198782608695652 -1.2127659574468
"MAPK14" 24.4206092410629 0 51.568571208901 0 0.000912493465125044 0.00861016949152542 0 0.149678571428571 0.824561403508772
"NR4A3" 23.1078254634305 0 42.4536732909056 0 0.000111111111111111 0.520965197215777 0 0.234244444444444 -1.21276595744682
"MORC3" 14.333847534664 0 20.5170459217016 0 0 0.520965197215777 0 0.223397590361446 0.824561403508775
"MSL2" 46.4228746567295 0.0293278350515464 24.7122021897215 0.00970700636942675 0.00205456478019548 0.527191111111111 0 0.311285106382979 0.82456140350877
"IFIT3" 27.1892905215681 0 31.778952272294 0 -0.000106349206349206 0.534678336980306 0 0.115018867924528 0.824561403508769
"PALLD" 18.366390354348 0 49.5912458900063 0 0 0.520965197215777 0 0.198782608695652 -1.21276595744679
"SNX18" 12.0050145337827 0 31.4118406456113 0 0.000153846153846154 0.142393939393939 0 0.181011494252874 0.824561403508774
"CYSLTR2" 7.9217692457302 0 50.4481898375773 0 -5.40540540540541e-05 0.44165671641791 0 0.224252252252252 -1.21276595744682
"PSMB9" 18.8702640785452 0 28.9577799600984 0 4.76190476190476e-05 0.110836363636364 0 0.131703703703704 -1.21276595744677
"PARP9" 4.91973125242505 0 52.6657917410996 0 0.000157894736842105 0 0 0.197694581280788 0.824561403508773
"NUB1" 13.5664061571488 0 39.6124420227092 0 0 0.0586153846153846 0 0.234461538461538 0.824561403508782
"SBF2" 39.6796180834935 0 57.3128661434589 0 0.000202631578947368 0.513029702970297 0 0.210506849315068 0.82456140350877
"CLIC4" 16.4981416637126 0 41.3107883165952 0 0 0.00861016949152542 0 0.115018867924528 0.82456140350877
"POLR2J4" 7.95526887631392 0 28.8436893503798 0 0.000474799974799975 0.520965197215777 0 0.242842377260982 -1.21276595744679
"S100A9" 12.6238529125126 0 54.2269843100428 0 5.98290598290598e-05 0 0 0.14443137254902 -1.21276595744682
"TLR4" 34.5455720171431 0 36.5663291588115 0 0 0.32512 0 0.160241610738255 -1.21276595744681
"STARD4" 26.1309693524903 0 18.9355080505273 0 5.88235294117647e-05 0.526599542334096 0 0.213532203389831 -1.21276595744681
"FHL3" 32.038499950183 0 53.5343597039785 0 0.000195238095238095 0.536465517241379 0 0.203984555984556 -1.21276595744681
"TANC2" 8.96169234088548 0 22.5780050026007 0 0 0.527191111111111 0 0.234244444444444 0.824561403508771
"CTBS" 21.3332479025979 0 48.0005380159214 0 4.87804878048781e-05 0.534678336980306 0 0.176695652173913 0.824561403508737
"DPH1" 28.6435308566231 0 55.8846047737513 0 0.000290071770334928 0.516141025641026 0 0.188044198895028 -1.21276595744681
"AREG" 20.9276477485087 0 46.0478120780661 0 0 0.520965197215777 0 0.198782608695652 -1.21276595744681
"IFIT2" 10.5854188532296 0 48.8408368421755 0 0 0.378810344827586 0 0.152 -1.21276595744677
"ARHGEF3" 10.3067796190759 0 68.0053946829568 0 -0.00015 0.0586153846153846 0 0.155737226277372 0.824561403508773
"OLIG2" 30.448824174989 0 61.6617968831518 0 -0.000148018648018648 0.311020408163265 0 0.198782608695652 -1.21276595744681
"ACSL1" 25.2464339213818 0 55.536731526309 0 0 0 0 0.0241904761904762 -1.21276595744681
"NMI" 26.4437917360024 0 14.3392358569538 0 0.00104382435832665 0 0 0.152 -1.21276595744684
"DACH1" 39.9196396616143 0 47.5827597092349 0 0.00682985767371384 0.682817813765182 0 0.223397590361446 -1.21276595744681
"CSF1" 3.69191172064761 0 36.2796833725994 0 0.000105336105336105 0.260271604938272 0 0.198782608695652 -1.21276595744674
"WDFY3" 29.634707526259 0 33.0431298381421 0 4.15204678362573e-05 0.264646706586826 0 0.115018867924528 -1.21276595744675
"TLR6" 12.5842956526737 0 15.8124439840519 0 0 0.263292682926829 0 0.20831654676259 -1.21276595744682
"CASP5" 51.9576605097638 0 23.353728130048 0 0.00543742706056573 0.00861016949152542 0 0.160241610738255 -1.2127659574468
"PNPLA6" 16.3074937945974 0 24.9385704027892 0 0.000406117858749438 0.0976923076923077 0 0.0241904761904762 0.824561403508776
"CPEB4" 37.7901819688261 0 44.1448225063292 0 0.000114285714285714 0.110836363636364 0 0.152 0.824561403508765
"VAV1" 8.55038783656524 0 55.7812763678012 0 0 0.0590697674418605 0 0.180355029585799 -1.21276595744681
"CARD16" 7.71450046155354 0 30.3236563625566 0 -0.000209308338720103 0 0 0.131703703703704 -1.21276595744684
"FAM129A" 13.3367834013285 0 51.0076121770355 0 0 0.332912621359223 0 0.131703703703704 -1.21276595744676
"GIMAP2" 12.7917865341894 0 11.8079117329091 0 -4.65116279069767e-05 0.450942028985507 0 0.223397590361446 0.824561403508773
"HMG20B" 41.1653604001821 0 43.5697811121912 0 0.0135077970019659 0.0590697674418605 0 0.198782608695652 -1.21276595744685
"NT5DC1" 43.9622561329419 0 37.1092531148084 0 0.0121790375398655 0.071010752688172 0 0.22225 0.824561403508773
"ABHD3" 23.5196549823949 0 31.5488418124141 0 0 0.534678336980306 0 0.141767441860465 0.824561403508772
"S1PR1" 9.23350630586919 0 22.8981360085263 0 0.00049278427536182 0.520965197215777 0 0.20831654676259 -1.21276595744681
"LAP3" 28.7470142560129 0 36.3927575949074 0 2e-04 0.403951807228916 0 0.179473053892216 0.824561403508771
"LOC100505812" 23.9792259901598 0.0117642105263158 22.6958487396804 0.00328448275862069 5.26315789473684e-05 0.520965197215777 0 0.232228571428571 0.824561403508762
"TMLHE" 2.90959606327563 0 10.3610007300118 0 0 0.520965197215777 0 0.276036529680365 0.824561403508769
"ARL4C" 10.2483526881456 0.0107399577167019 12.6120611397598 0 0.00220835986049209 0.520965197215777 0 0.241061662198391 -1.2127659574468
"KRCC1" 23.5828764383578 0 49.0953030254888 0 0 0.520965197215777 0 0.198782608695652 0.824561403508772
"CREB5" 35.5625959982532 0 46.8912752905337 0 0.000121212121212121 0.541721627408994 0 0.0635 -1.21276595744681
"YES1" 5.47775540303687 0 48.4044665755819 0 6.06212215968314e-05 0.332912621359223 0 0.217714285714286 0.824561403508772
"RNF149" 15.2107995328573 0 60.2911042026083 0 5.80811225972516e-05 0 0 0 -1.21276595744679
"ZNF395" 18.4480416058456 0 53.6000518186747 0 0.00032022932022932 0.554181818181818 0 0.232228571428571 -1.21276595744681
"SIGLEC5" 7.28742877050164 0 22.4954992578279 0 0.00016984126984127 0.520965197215777 0 0.209176470588235 -1.21276595744681
"ACN9" 3.06896481061158 0 34.8965823897313 0 0 0.519217665615142 0 0.303922246220302 -1.21276595744681
"CLEC4D" 31.5303353814253 0 12.091944436926 0 0.00241835076200401 0 0 0.0241904761904762 -1.21276595744681
"JARID2-AS1" 23.9215657314805 0 30.6809682678284 0 0.000216216216216216 0.379364806866953 0 0.20831654676259 -1.21276595744681
"PKIB" 30.4615171750425 0.246425447316103 55.7705585982519 0.232286282306163 5.26315789473684e-05 0.520965197215777 0 0.305456896551724 0.824561403508811
"HERC5" 12.6389813300381 0 42.5046435377288 0 0 0.693379032258065 0 0.213532203389831 0.824561403508767
"SYNE1" 39.9698807252307 0 56.1629356926717 0 -0.000162162162162162 0.387966244725738 0 0.277297539149888 -1.21276595744681
"CXCL10" 7.89110233983842 0 6.53170979267038 0 0.00367498002657935 0.527191111111111 0 0.198782608695652 0.82456140350877
"RBM7" 16.7154132454949 0 50.6990675580577 0 0 0.520965197215777 0 0.242842377260982 -1.2127659574468
"AP3M1" 8.09159808286044 0 45.2041919091475 0 0 0.370702702702703 0 0.220240506329114 0.824561403508773
"IGLC1" 21.3940781691257 0 46.8306501086192 0 0.000216216216216216 0.495821917808219 0 0.234244444444444 -1.21276595744681
"TRIM5" 29.2190350652573 0 36.2224729570066 0 0.000341269841269841 0.516141025641026 0 0.223397590361446 0.824561403508774
"FAM160B1" 19.9868312210727 0 48.4808274041943 0 0.000108187134502924 0.520965197215777 0 0.274436781609195 0.824561403508771
"CASP1" 22.2582821975892 0 44.0206318544025 0 0.000368926821558401 0.0590697674418605 0 0.152 -1.21276595744683
"STK3" 13.9634292419607 0 55.6557134011487 0 0 0.520965197215777 0 0.220452830188679 0.824561403508769
"CDC73" 34.8673271675458 0 59.8078025841867 0 0.000216216216216216 0.520965197215777 0 0.232474576271186 0.824561403508769
"CR1" 10.8913534686675 0 27.1179793835421 0 0.00131786172748946 0.168140845070423 0 0.153581395348837 0.824561403508781
"MARCKSL1" 14.6497764947822 0 31.2082277346413 0 0.000759551274239157 0.09652 0 0.198782608695652 -1.21276595744681
"GAPT" 11.517569762777 0.00866524520255864 53.5912964436149 0 -7.93650793650794e-06 0.520965197215777 0 0.23521095890411 -1.21276595744681
"CLOCK" 2.68790524774358 0 17.0760522113355 0 0.00554595628022567 0.513029702970297 0 0.217714285714286 0.824561403508768
"TNFSF10" 35.1671022276126 0 55.7991490322343 0 -4.7008547008547e-05 0.13096875 0 0.156028571428571 -1.21276595744681
"CST1" 34.305476710552 0 53.1553442862556 0 0.000104054054054054 0.519217665615142 0 0.30589247311828 -1.21276595744681
"CPPED1" 24.1369896686609 0 25.0325985849305 0 0.000531788472964944 0.520965197215777 0 0.155737226277372 -1.21276595744681
"NDFIP2" 39.1855299758549 0 3.19354055311434 0 0.000165567765567766 0.460828571428571 0 0.335850311850312 -1.21276595744682
"PDCD2" 10.7293824727124 0 40.7130768407005 0 0 0.497632653061224 0 0.209176470588235 0.824561403508772
"ASAP1-IT1" 5.71639364339532 0 21.0631848812642 0 0 0.301037037037037 0 0.249498734177215 -1.21276595744681
"SPG11" 32.8476253873028 0 34.5830925098675 0 -5.12820512820513e-05 0.38425641025641 0 0.153581395348837 0.82456140350877
"POC1B" 17.5443447674679 0 24.1657146014905 0 0.000157894736842105 0.70220523138833 0 0.288840707964602 0.824561403508773
"KLHL15" 18.1258782052448 0 41.1561331971377 0 0.000231367731367731 0.422 0 0.191497382198953 -1.21276595744681
"NAIP" 15.002110699718 0 52.1853328633956 0 0.001729111614211 0.708955823293173 0 0.198782608695652 0.824561403508782
"LOC101927066" 39.8541137223481 0 36.1249463082431 0 9.44444444444445e-05 0.520965197215777 0 0.235956284153005 -1.21276595744681
"IFIH1" 48.5233696626847 0 45.9278021311165 0 0.00522746197852151 0.378810344827586 0 0.14443137254902 -1.21276595744681
"MIR142" 9.97511182046501 0 28.8583996071038 0 0.00111197057769587 0.520965197215777 0 0.198782608695652 -1.21276595744681
"OAS1" 36.7522938287646 0 20.1903656492005 0 0.00103612296553473 0 0 0.155737226277372 0.824561403508772
"UTP11L" 51.9760726186727 0 34.3101608438324 0 0.000603309085722436 0.520965197215777 0 0.254 0.824561403508773
"APOL3" 6.46063922062865 0 8.84760543590057 0 0.000947372681519023 0.350591549295775 0 0.260076555023923 0.82456140350877
"ATAD2B" 8.83601370011976 0.0734582484725051 35.7500206921657 0.20828 0 0.520965197215777 0 0.265463182897862 0.824561403508703
"IL6ST" 21.8188849707909 0 15.7827821273821 0 0.00124053674182044 0.114414414414414 0 0.183683615819209 0.824561403508775
"RAB11FIP3" 32.109166406239 0.0021991341991342 60.6954065843844 0.00970700636942675 0.00055798631193368 0.497632653061224 0 0.312781316348195 0.82456140350874
"GADD45A" 29.4180978102485 0.01905 32.7819249960969 0.0220869565217391 0.000114285714285714 0.520965197215777 0 0.301934924078091 -1.21276595744681
"CXCR2" 18.1780070760518 0 27.7666157992432 0 6.23306233062331e-05 0.179700680272109 0 0.14443137254902 -1.21276595744682
"SPATA13" 33.7442653032662 0 43.5937514366835 0 0 0.104448598130841 0 0.198782608695652 -1.21276595744681
"PARP8" 15.6614733203892 0 46.2822414146145 0 0 0.759485148514851 0 0.155737226277372 -1.21276595744681
"IGLV@" 13.493742977554 0 52.5739849463024 0 0.000237041838856927 0.520965197215777 0 0.246854219948849 -1.21276595744681
"OAS3" 12.0136777288463 0 54.6163276191574 0 0.000818560114183251 0.0627865168539326 0 0.198782608695652 0.824561403508771
"MSRB1" 7.98182044916292 0 38.1025190431668 0 0.000422548054127001 0.00861016949152542 0 0.115018867924528 -1.21276595744681
"SLC7A11-AS1" 29.7785090542791 0 31.927810162815 0 0.000315233706701775 0.735236580516899 0 0.149137614678899 -1.21276595744681
"MRVI1" 25.2390828604307 0 25.2326440096278 0 5.40540540540541e-05 0.434038314176245 0 0.234244444444444 -1.21276595744681
"PIGK" 16.070863605428 0 51.7616087168347 0 0 0.460996441281139 0 0.209176470588235 0.824561403508772
"VNN2" 29.4241405533146 0 54.4413613150254 0 1.67247386759582e-05 0.129015873015873 0 0.115018867924528 -1.21276595744681
"NSUN7" 37.5589289558451 0.00110675381263617 46.3927606742155 0.0010995670995671 -6.89655172413793e-05 0.352055813953488 0 0.252723618090452 -1.21276595744679
"PTPN7" 4.33660712115249 0 35.2359066640149 0 0.000729777618149711 0.301037037037037 0 0.209176470588235 -1.21276595744681
"UGCG" 25.633481628621 0 51.0671334466205 0 6.85805422647528e-05 0.554181818181818 0 0.191497382198953 0.824561403508773
"BPIFB1" 14.8224152014627 0 30.5528765640728 0 0 0.520965197215777 0 0.248842639593909 0.824561403508779
"BAZ1A" 37.1965144967775 0 38.4934589710639 0 -4.76190476190476e-05 0.0586153846153846 0 0.131703703703704 -1.21276595744678
"FGFR1OP2" 4.44999402548346 0.01905 44.3562823474448 0.0117148846960168 0.00184818497857547 0.403532258064516 0 0.277297539149888 0.824561403508768
"GZMB" 16.4741511031282 0 58.3562780030707 0 0 0.179700680272109 0 0.20831654676259 -1.21276595744681
"KLRC4-KLRK1" 30.9247579078133 0.00110675381263617 48.5153863315595 0.0117148846960168 -4.65116279069767e-05 0.520965197215777 0 0.308699360341151 -1.2127659574468
"LOC158402" 25.3558990077093 0 53.3103568898439 0 0.000948815960321468 0.392739495798319 0 0.296333333333333 0.824561403508772
"OR4F3" 3.73089182089578 0 54.9689079224124 0 0 0.398842975206612 0 0.294751648351648 -1.21276595744681
"LRRC8D" 19.469100297599 0 5.07125756195686 0 0 0.520965197215777 0 0.216993377483444 0.824561403508772
"CD93" 25.8564988775245 0 18.3103777585305 0 0 0.631341563786008 0 0.198782608695652 -1.21276595744681
"DENND5B" 23.4558103005872 0.0815691056910569 43.2811354919087 0.0824065708418891 0.000409207009207009 0.527191111111111 0 0.4029662027833 -1.21276595744681
"AMELX" 5.71421881967591 0.237808764940239 21.629889328295 0.1189816700611 0 0.520965197215777 0 0.388650602409639 0.824561403508756
"R3HCC1" 24.5063572235985 0.0159748427672956 53.7481802171912 0.0106947368421053 0.000102564102564103 0.319095477386935 0 0.308273504273504 0.824561403508772
"LOC100506860" 19.2045380588549 0 52.6926191437249 0 0.000198412698412698 0.178675862068965 0 0.198782608695652 -1.21276595744681
"GORASP2" 34.7779339363728 0 50.5417022846504 0 0.000200501253132832 0.403532258064516 0 0.209176470588235 0.82456140350877
"PRF1" 1.97188119150509 0 63.2361371119778 0 0.000333333333333333 0.520965197215777 0 0.221354231974922 -1.21276595744681
"NFAT5" 21.3979583366275 0.00110675381263617 18.6605408049507 0 0.000654362507303684 0.520965197215777 0 0.267241706161137 -1.2127659574468
"UNC5B" 11.2183356576999 0 51.8646331171149 0 0.000647434918023153 0.183815789473684 0 0.14443137254902 0.824561403508772
"CDR1" 12.3225017984015 0 32.3320074460415 0.0106947368421053 -0.00020189701897019 0.261791411042945 0 0.322590717299578 0.824561403508771
"CLPTM1" 15.8637923062928 0.00110675381263617 5.72022778838211 0 1e-04 0.520965197215777 0 0.260076555023923 0.824561403508771
"LRP5L" 45.1702384517146 0.0128067226890756 26.992745812141 0 0.000102564102564103 0.525638888888889 0 0.394661354581673 0.824561403508784
"IL1R2" 16.8883711412386 0 25.9430404891746 0 0.014723855923753 0.454815884476534 0 0.115018867924528 -1.21276595744681
"NELFCD" 26.2330913228937 0 10.4653903621188 0 0.0080987524490219 0.29107027027027 0 0.297069565217391 0.824561403508771
"DPY19L1" 30.1028014736205 0 34.0183650619745 0 0.00375296962741918 0.513029702970297 0 0.29044591611479 0.824561403508771
"TREML2" 32.7338361299935 0 28.4740718926251 0 0.00354545694145808 0.0586153846153846 0 0.130848484848485 -1.21276595744681
"LINC01366" 4.84682727529987 0 45.2674801237529 0 0.00336826483315572 0.244475 0 0.131703703703704 -1.21276595744681
"REPS2" 21.1881754614107 0 41.1874471908473 0 0.00324983324869397 0.221435897435897 0 0.152 -1.21276595744681
"FLOT1" 9.84769838352118 0 48.0024514332316 0 0.00315812718569647 0.071010752688172 0 0.115018867924528 -1.21276595744681
"FLJ44896" 34.1422044627815 0.0283388429752066 24.1443618653781 0.0365843621399177 0.00264966483852923 0.535729257641921 0 0.353526530612245 0.824561403508769
"IL18RAP" 16.1887267157612 0 43.4658661642491 0 0.00264215973265221 0.122903225806452 0 0.197694581280788 -1.21276595744681
"CLEC12A" 24.515236269734 0.00327741935483871 46.8888884173494 0.00545064377682403 0.00136301951674979 0.527191111111111 0 0.287376391982183 0.824561403508773
"SPINT1" 22.1607506179474 0 41.8014780384533 0 0.00131384508324533 0.29107027027027 0 0.217714285714286 0.824561403508774
"LOC100506235" 19.2841469974408 0.0539102040816326 34.8296517753682 0.0200665280665281 0.0013088946531671 0.520965197215777 0 0.268377358490566 -1.2127659574468
"EPB41L5" 5.9527149194765 0 40.6509447689813 0 0.000913264812800416 0.516141025641026 0 0.152 -1.21276595744681
"RYR1" 28.8325574362746 0 44.2962110781344 0 0.000812723814039604 0.536465517241379 0 0.287866666666667 0.824561403508771
"ING2" 23.0338426963334 0 13.0648435373169 0 0.000723773115220484 0.446593406593407 0 0.24027027027027 0.824561403508771
"LOC731424" 4.94642685460906 0 18.3139991719211 0 0.00070411163042742 0.313010101010101 0 0.232474576271186 -1.21276595744681
"RNF125" 7.23074220784906 0.0021991341991342 16.1219245018386 0.01381589958159 0.000674664965496884 0.543744136460554 0 0.391943887775551 0.824561403508774
"PHC2" 5.45129393395211 0 37.5995254040954 0 0.000657568718544328 0.378810344827586 0 0.217714285714286 -1.21276595744681
"AKAP11" 11.4011698996125 0 16.4404335214653 0 0.00064517455478718 0.640702040816327 0 0.223140186915888 0.824561403508771
"LOC100127886" 12.0594309439587 0 33.5306993089013 0 0.000595198547621526 0.520965197215777 0 0.272728110599078 -1.2127659574468
"PSMB8-AS1" 6.16865427775586 0 37.7357384102297 0 0.00058820430215779 0.29107027027027 0 0.176695652173913 -1.21276595744681
"MAFF" 6.0963975712309 0 54.1103713155196 0 0.000574324324324324 0.536465517241379 0 0.149678571428571 -1.21276595744681
"LOC100129406" 45.9921598238829 0.00327741935483871 43.4248607054401 0.00219438444924406 0.000564102564102564 0.520965197215777 0 0.427683794466403 0.82456140350877
"MBOAT1" 15.1731262895014 0 34.452388689878 0 0.000544117647058824 0.375874439461883 0 0 0.824561403508759
"MIR101-1" 1.01304209599536 0 12.6850130370451 0 0.000511967360604376 0.688622222222222 0 0.260076555023923 -1.21276595744681
"SERPINB8" 7.0937468287642 0.0117642105263158 16.6894420038803 0.0303752577319588 0.000508974358974359 0.520965197215777 0 0.334433333333333 -1.21276595744677
"GTPBP10" 0.408946603686997 0 19.9221577005846 0 0.000485935993830731 0.527191111111111 0 0.255872235872236 0.824561403508774
"SLC25A37" 14.8105812683537 0 50.669730509549 0 0.000423076923076923 0.520965197215777 0 0 -1.21276595744681
"MGAM" 23.2611794831448 0 34.6769367965154 0 0.000416632979423677 0.00861016949152542 0 0.115018867924528 -1.21276595744681
"LOC642236" 33.541094697065 0.191390781563126 16.4074702836965 0.223073852295409 0.000357894736842105 0.527191111111111 0 0.334406708595388 0.824561403508777
"VNN3" 19.1229781658993 0 52.5524765580318 0 0.000322218587558767 0.0586153846153846 0 0.131703703703704 -1.21276595744681
"LMO4" 6.71070888975565 0 51.8676850350335 0 0.000314726264726265 0.520965197215777 0 0.215053333333333 0.824561403508773
"DYSF" 12.4964280831352 0 32.112921541584 0 0.000311740890688259 0 0 0.142696629213483 -1.21276595744681
"MRPS10" 13.1803534818806 0 50.1302362358852 0 0.000298611111111111 0.301625 0 0.248816326530612 0.824561403508771
"HIST1H2AC" 12.8164185626024 0 48.9674948362749 0 0.000275898520084567 0.520965197215777 0 0.223397590361446 -1.21276595744681
"VPS36" 24.0604990756623 0 42.3981949861019 0 0.000275005775005775 0.368183486238532 0 0.198782608695652 0.824561403508773
"PIGP" 31.2762471010385 0 39.3601544008216 0 0.000265359865359865 0.44165671641791 0 0.181011494252874 0.824561403508771
"INAFM1" 18.8112932946176 0 9.51427781007455 0 0.000262589165220744 0.398842975206612 0 0.254 -1.21276595744681
"IDI2-AS1" 21.4297268134658 0 13.516378927883 0 0.000260526315789474 0.0976923076923077 0 0.198782608695652 -1.21276595744681
"SYNE2" 28.5702350071832 0 29.9820401906582 0 0.000250677506775068 0.446817518248175 0 0.217714285714286 -1.21276595744681
"TSPAN2" 1.24492294273826 0 59.0692180989568 0 0.000222222222222222 0.520965197215777 0 0.217714285714286 -1.21276595744681
"CD3E" 29.7254656455048 0.156386317907445 22.9793452763414 0.141168356997972 0.000215037593984962 0.504567567567567 0 0.296796498905908 -1.21276595744681
"TMEM14B" 20.8143267391255 0 25.0062249585568 0 0.000193073593073593 0.520965197215777 0 0.115018867924528 0.82456140350877
"PITPNA" 4.94143740445535 0 41.8677672152935 0 0.000181818181818182 0.393221757322176 0 0.0241904761904762 -1.21276595744681
"RHOH" 2.30962449286755 0 37.1325274176099 0 0.00017593984962406 0.511409395973154 0 0.115018867924528 -1.21276595744681
"DOCK5" 32.9191470543235 0 29.9489156422574 0 0.00016382849014428 0 0 0.0241904761904762 -1.21276595744681
"RELL1" 34.5325854230068 0.00327741935483871 0.865235749472204 0.0010995670995671 0.000159774436090226 0.520965197215777 0 0.334406708595388 -1.21276595744682
"NSMCE1" 33.6908960137523 0 29.1233987303836 0 0.000159317211948791 0.29107027027027 0 0.217714285714286 0.824561403508773
"BCL9" 46.0193031773723 0 2.31116330570978 0 0.000157894736842105 0.520965197215777 0 0.272269141531322 -1.21276595744681
"TRANK1" 7.84106498308889 0 47.8585041270574 0 0.000114285714285714 0.468647887323944 0 0.223397590361446 -1.21276595744681
"NBN" 9.04544721626662 0 27.7802352208903 0 0.000114285714285714 0.520965197215777 0 0.156028571428571 -1.21276595744682
"MYO6" 6.06509956455748 0 33.0315744404093 0 0.000112877583465819 0.29107027027027 0 0.241130666666667 0.824561403508773
"ZNF557" 14.8420914384333 0.0221787941787942 41.2200228771015 0.1189816700611 0.000112698412698413 0.585419624217119 0 0.407405940594059 0.824561403508769
"SNX30" 25.4506042401736 0 58.9923549704739 0 0.000110105580693816 0.172861111111111 0 0.242842377260982 0.824561403508774
"TNIP1" 21.1314177325456 0 51.1616376466398 0 0.00010960960960961 0.122903225806452 0 0.152 -1.21276595744681
"TTC7A" 14.0534260794895 0 9.01955250789048 0 0.000107106342784165 0.136769230769231 0 0.198782608695652 0.824561403508773
"NKG7" 22.1158782564896 0 36.9750243010363 0 0.000105263157894737 0.575094339622641 0 0.152 -1.21276595744681
"SAMSN1" 18.5289505206631 0 14.0555848939737 0 9.89010989010989e-05 0.0163870967741935 0 0.0241904761904762 -1.21276595744681
"FBXL13" 10.6612148088225 0 55.1093040312654 0 9.63995354239257e-05 0.520965197215777 0 0.217236842105263 -1.21276595744681
"KIAA0100" 34.1971987287619 0 22.9587348103813 0 6.76470588235294e-05 0.09652 0 0.198782608695652 0.824561403508771
"WWP1" 21.8236150502174 0 52.9144557430861 0 5.84795321637427e-05 0.520965197215777 0 0.270060889929742 0.824561403508773
"PTGER2" 3.34268878228605 0.0904939271255061 24.5635900260231 0.142939271255061 5.71428571428571e-05 0.520965197215777 0 0.277090909090909 0.82456140350874
"SLAMF1" 32.1389667522018 0 28.5416600667484 0 5.7057057057057e-05 0.410464 0 0.197694581280788 -1.21276595744681
"TRBC1" 14.9255577117009 0.358114851485148 17.7467826526297 0.590324110671937 5.55555555555556e-05 0.57707949790795 0 0.242842377260982 -1.2127659574468
"TBC1D4" 5.11506659155458 0 14.0298446538112 0 5.40540540540541e-05 0.520965197215777 0 0.152 0.824561403508772
"NSL1" 37.657710535968 0 59.4201712134514 0 5.39811066126856e-05 0.472350877192982 0 0.188044198895028 0.824561403508772
"MEFV" 13.1965728181192 0 32.6805137854934 0 5e-05 0.12157264957265 0 0.187307262569832 -1.2127659574468
"DCSTAMP" 7.17687833709898 0 31.3684145687164 0 5e-05 0.534678336980306 0 0.187307262569832 0.824561403508771
"NUP98" 3.09850887248692 0 51.8873815643199 0 4.87804878048781e-05 0.09652 0 0.209176470588235 -1.2127659574468
"NCR3LG1" 56.0022485089436 0 32.3988206740429 0 4.76190476190476e-05 0.378810344827586 0 0.203984555984556 -1.21276595744681
"CD8A" 33.2515983423072 0.00970700636942675 42.9933811547915 0.0200665280665281 4.5945945945946e-05 0.520965197215777 0 0.260076555023923 -1.21276595744681
"SPA17" 1.51382794657559 0 46.0507840761723 0 2.04945799457994e-05 0.640702040816327 0 0.302380952380952 0.824561403508772
"DESI2" 12.1960014319531 0 26.15803243394 0 2.63157894736842e-06 0.429240310077519 0 0.293162995594714 0.824561403508772
"LOC100506258" 13.7366439136882 0 4.63581707968622 0.0010995670995671 2.50156347717323e-06 0.520965197215777 0 0.503 0.824561403508769
"PLD3" 5.40069558417087 0 26.8085625946838 0 0 0.180697986577181 0 0.198782608695652 0.824561403508771
"HMMR" 22.5201924508925 0.0488261758691207 41.9238813874068 0.150556451612903 0 0.520965197215777 0 0.326189473684211 0.824561403508774
"BBS10" 9.78400200986226 0.00866524520255864 23.8253375666955 0.0220869565217391 0 0.231493670886076 0 0.353526530612245 0.824561403508771
"RRAS2" 10.1686528228954 0 59.926855351759 0 0 0.44165671641791 0 0.254 0.824561403508769
"GNG2" 12.0783810910826 0 38.7120032507294 0 0 0.119269565217391 0 0 -1.21276595744681
"DDIT4" 22.0588185178629 0 38.242804657326 0 0 0.12157264957265 0 0.130848484848485 -1.21276595744681
"AMFR" 46.4680735726972 0 36.6013960543276 0 0 0 0 0.197694581280788 0.824561403508771
"LMAN1" 7.02366844955639 0 46.4133415949992 0 0 0.412876494023904 0 0.176695652173913 0.824561403508772
"KLHDC8B" 35.4899516452657 0 51.8123247246079 0 0 0.170517482517483 0 0.20831654676259 0.824561403508773
"SLC25A36" 33.6801405336304 0 30.8013115596833 0 0 0.386944680851064 0 0.241061662198391 0.824561403508772
"MRPS25" 41.3293530911868 0 48.8882876163959 0 0 0.520965197215777 0 0.197694581280788 0.824561403508772
"KRT23" 44.1514107732489 0 40.474210608589 0 0 0.0586153846153846 0 0.191497382198953 -1.21276595744681
"LRCH1" 14.5108254241797 0 52.4730421778906 0 0 0.332912621359223 0 0.232228571428571 0.82456140350877
"ADM" 28.7467593694899 0 67.8185662270905 0 0 0.0586153846153846 0 0.115018867924528 -1.21276595744681
"LINC01002" 29.696250124272 0 28.1718033644088 0 0 0.159657142857143 0 0.115018867924528 -1.21276595744681
"PPFIBP2" 32.7522128152238 0 13.9030256849597 0 0 0.520965197215777 0 0.232228571428571 0.824561403508771
"NOLC1" 8.97909651158216 0 57.4374778760541 0 -9.86842105263158e-06 0.488797250859107 0 0.260076555023923 0.824561403508772
"TNFAIP3" 22.4934971490696 0 57.3655104747469 0 -4.65116279069767e-05 0 0 0.156307692307692 -1.21276595744681
"ADORA2A" 21.8423165787455 0 26.389186173691 0 -5.26315789473684e-05 0 0 0.14443137254902 -1.21276595744681
"ZNF28" 29.6981332047017 0 54.1096000371086 0 -5.40540540540541e-05 0.520965197215777 0 0.344264462809917 0.824561403508772
"IFITM3" 20.3610278246623 0 31.6440230041965 0 -5.55555555555556e-05 0.148321167883212 0 0.14443137254902 -1.21276595744681
"PLK3" 46.1790440604696 0 27.7844519263131 0 -5.71428571428571e-05 0.429240310077519 0 0.155737226277372 -1.21276595744681
"KLHL42" 11.2738521877322 0 31.8532761680384 0 -6.25e-05 0.40225306122449 0 0.238815217391304 0.824561403508772
"SLAMF7" 20.334611086401 0 42.9713799987761 0 -8.20513851473604e-05 0.602854771784232 0 0.198782608695652 -1.21276595744681
"SLC7A5" 14.21917947409 0 47.9570636679306 0 -1e-04 0.209754838709677 0 0.156307692307692 -1.21276595744681
"LPCAT1" 11.2983810119952 0 50.6393781033345 0 -0.000106685633001422 0 0 0.116590163934426 -1.21276595744681
"PARN" 12.3091120993671 0 31.4561864475925 0 -0.000108108108108108 0.337038461538462 0 0.2 0.824561403508772
"PREPL" 25.9304683432619 0 56.2334529752392 0 0.00200002409436634 0.301625 0 0.198782608695652 0.82456140350877
"FAM65B" 19.9189113085426 0 48.8760734624838 0 0 0.00861016949152542 0 0.131703703703704 -1.21276595744681
"GNLY" 31.2698799989202 0 28.4489251155427 0 0.0218993739596316 0.527191111111111 0 0.242842377260982 -1.21276595744681
"MAP3K8" 11.374460670982 0 34.394968724429 0 0.000337821297429621 0.567764705882353 0 0.275505720823799 -1.21276595744681
"ATP1B1" 43.3090933567712 0 6.40050123339037 0 0.000158730158730159 0.268941176470588 0 0.116590163934426 0.824561403508772
"MIOS" 14.1230810480759 0.0021991341991342 44.2975807033689 0 0 0.516141025641026 0 0.198782608695652 0.824561403508775
"SULT1B1" 16.1125183243796 0 56.8851015034084 0 0.000159390159390159 0.403532258064516 0 0.207818181818182 -1.21276595744681
"ZCCHC6" 7.19180185698778 0 50.8146408742254 0 0.000111111111111111 0.520965197215777 0 0.198782608695652 -1.21276595744682
"CLEC4E" 11.3209688990576 0 24.3789578719275 0 0.000181818181818182 0.0586153846153846 0 0 -1.21276595744681
"IFITM1" 12.0968071471673 0 22.1243044588381 0 0.00045959595959596 0.0586153846153846 0 0 -1.2127659574468
"CLEC2D" 24.0947076429272 0 18.3004847654666 0 0.00236239472069527 0.520965197215777 0 0.232228571428571 -1.21276595744681
"POLR2M" 8.18505303402014 0 42.0380897071088 0 0.00235295041519934 0.526599542334096 0 0.272728110599078 0.824561403508773
"MRPS33" 44.2018086087623 0 26.4380589924818 0 0.000116760037348273 0.119269565217391 0 0.214073578595318 0.824561403508771
"BRAF" 5.31380394526297 0 40.3051883693161 0 4.65116279069767e-05 0.44165671641791 0 0.20831654676259 -1.21276595744681
"CDC40" 31.9268865506838 0 28.096004739977 0 -4.77042337507454e-06 0.488797250859107 0 0.246817480719794 0.824561403508774
"RNF19B" 13.1318653340189 0 34.5570236859592 0 0.000276705276705277 0.520965197215777 0 0.115018867924528 -1.21276595744681
"FAM162A" 2.54542117856258 0 21.7638176570075 0 0.000176470588235294 0.00861016949152542 0 0.209176470588235 0.824561403508773
"ZFP69B" 10.3772926652067 0.0824340770791075 42.3100039952551 0.12390243902439 0.000105263157894737 0.279251461988304 0 0.466919132149901 0.824561403508773
"SLC25A20" 6.77147429388714 0 26.2422711328794 0 0.000310747810747811 0.0586153846153846 0 0.257735294117647 0.824561403508773
"FPR2" 12.2397126217187 0 37.9203382413974 0 0.000181045751633987 0 0 0.115018867924528 -1.21276595744681
"LCP2" 9.98449015598293 0 27.3262373915083 0 0 0 0 0 -1.21276595744681
"TMEM88" 16.2453917018326 0 18.5045960438148 0 4.76190476190476e-05 0.502833898305085 0 0.116590163934426 -1.21276595744681
"C11orf31" 10.9903473740574 0 5.19718152109189 0 0 0.520965197215777 0 0.155737226277372 0.824561403508771
"ETV5" 9.78545991025848 0.769514792899408 24.9123907041769 0.836646942800789 0 0.640702040816327 0 0.388650602409639 -1.21276595744683
"SMCHD1" 21.0940651414406 0 38.8430858354182 0 -0.000102564102564103 0.144059701492537 0 0.115018867924528 -1.21276595744681
"NINJ1" 13.1211464098022 0 28.3844428894266 0 0 0.00861016949152542 0 0.120952380952381 -1.21276595744681
"SPACA6P" 31.7559970234313 0 25.2461071563904 0 0 0.520965197215777 0 0.268377358490566 -1.21276595744681
"PTP4A3" 8.21504515710747 0 29.7330057498723 0 -0.000105923344947735 0.433753846153846 0 0.206314176245211 -1.21276595744681
"LINC01000" 11.2826080094251 0 50.7731320073872 0 0.000770999963677309 0.520965197215777 0 0.116590163934426 -1.21276595744681
"HLA-DMB" 19.4093941028449 0 23.9341714935311 0 0.00111315526578684 0 0 0.0441739130434783 0.824561403508769
"RNF175" 11.1292055544798 0 17.8908549649822 0 0.000445040574072832 0.520965197215777 0 0.137458823529412 -1.21276595744681
"SCGB1A1" 2.44779373358749 0 29.6703279149279 0 0.000444929396662388 0.520965197215777 0 0.240991913746631 0.824561403508771
"N4BP1" 11.6869545087613 0 25.1756959040103 0 0.00044904214559387 0.520965197215777 0 0.115018867924528 -1.21276595744681
"LINC01136" 8.01388941641946 0 6.11789313104437 0 0.000479674796747967 0.520965197215777 0 0.241198938992042 -1.21276595744681
"ARHGAP26" 28.2031589834284 0 25.5096181893355 0 0.000453345673933909 0.748896825396825 0 0.180355029585799 -1.2127659574468
"MYH10" 1.97445144517974 0 47.1996143706012 0 0 0.244475 0 0.242842377260982 -1.21276595744681
"OR2A7" 43.3629574571297 0 57.0145100134391 0 0.000613510520487265 0.526599542334096 0 0.198782608695652 0.82456140350877
"ZNF570" 4.31707580900934 0.00866524520255864 27.5999138284076 0.00868376068376068 0.00156989296288022 0.559334736842105 0 0.383822222222222 0.824561403508771
"IFITM2" 13.1536212463669 0 21.1910549336792 0 0.000153846153846154 0 0 0.116590163934426 -1.2127659574468
"TBPL1" 27.7186815502533 0.00436051502145923 11.735540589203 0.00436989247311828 -5.84795321637427e-06 0.545829787234043 0 0.275505720823799 0.824561403508775
"CD300LF" 11.9211822101458 0 47.1745524117847 0 0.000106685633001422 0.398842975206612 0 0.179473053892216 0.824561403508765
"ETFA" 10.7699838397009 0 22.4355624875945 0 5.87301587301587e-05 0.554181818181818 0 0.108857142857143 0.824561403508773
"CXCR1" 6.86784563941713 0 45.0116793938196 0 0 0.0586153846153846 0 0.131703703703704 -1.21276595744681
"FTSJ2" 30.2429965078422 0 19.9213015058405 0 0 0.0627865168539326 0 0.192145077720207 0.824561403508772
"PHF19" 24.3582307796423 0.0252946058091286 29.8491693321314 0.0010995670995671 5.89936379410064e-05 0.520965197215777 0 0.297069565217391 -1.2127659574468
"CYB5D1" 7.805182195244 0 46.0143720869157 0 -0.000317770034843206 0.191324675324675 0 0.234461538461538 -1.21276595744681
"RLF" 29.4385769324869 0 27.5880412423302 0 -9.32400932400933e-05 0.302694300518135 0 0.197694581280788 -1.21276595744681
"LIPA" 8.50042129272351 0 18.0860539118196 0 0.00626142185073394 0.824623274161736 0 0.191497382198953 0.824561403508772
"FAM135A" 9.70544437314705 0 50.1875205156448 0 0 0.446593406593407 0 0.297069565217391 0.82456140350877
"ANTXR2" 25.3467258418149 0 23.6154915968232 0 0.000938349077822762 0.348342857142857 0 0.131703703703704 -1.21276595744681
"KCNJ15" 25.5004633641963 0 55.3477765532461 0 0.000659176788124157 0.0586153846153846 0 0.08128 -1.21276595744681
"MRPL57" 11.6949718128055 0 48.6324893773678 0 0.000311468892864242 0.28353488372093 0 0.152 0.824561403508772
"LIMK2" 7.75005983645275 0 33.1075592428472 0 0.000250980392156863 0 0 0.131703703703704 -1.21276595744681
"SORD" 22.5963900565389 0 46.1620269829763 0 -5.26315789473684e-05 0.520965197215777 0 0.20831654676259 0.824561403508769
"LOC388210" 15.3119360358827 0 43.1330245199222 0 5.40540540540541e-05 0.303752577319588 0 0.168211920529801 -1.21276595744681
"NLRP2" 38.2629312224459 0 19.2714206206355 0 -0.000122158337019018 0.520965197215777 0 0.260076555023923 0.824561403508772
"CD177" 4.02363354853134 0 10.9200867286137 0 5.26315789473684e-05 0.44165671641791 0 0.308273504273504 -1.21276595744681
"LINC01093" 24.277348449395 0 44.6477179238089 0 0.00200129667804086 0.682817813765182 0 0.198782608695652 -1.21276595744681
